          25
 0.298387E+02  0.431788E+04  0.428728E+04  0.429344E+04  0.428728E+04  0.718851E+02  0.164005E+05  0.164239E+05  0.665650E+00
 0.290481E+02  0.370420E+04  0.367899E+04  0.156784E+02  0.100015E+02  0.685540E+02  0.110928E+04  0.168729E+04  0.391010E+00
 0.282029E+02  0.312629E+04  0.310596E+04  0.659363E+01  0.164717E+01  0.650667E+02  0.260819E+03  0.782716E+03  0.723520E-01
 0.273027E+02  0.259131E+04  0.257529E+04  0.518761E+01  0.101331E+01  0.614397E+02  0.105939E+03  0.200693E+03  0.105608E-01
 0.263422E+02  0.210540E+04  0.209309E+04  0.440594E+01  0.984288E+00  0.576709E+02  0.823846E+02  0.952193E+02  0.185096E-01
 0.253058E+02  0.167320E+04  0.166401E+04  0.368589E+01  0.962893E+00  0.537240E+02  0.753875E+02  0.785287E+02  0.375420E-01
 0.242168E+02  0.129759E+04  0.129095E+04  0.300026E+01  0.899550E+00  0.497132E+02  0.704958E+02  0.722845E+02  0.593825E-01
 0.230630E+02  0.979436E+03  0.974794E+03  0.236818E+01  0.802601E+00  0.456179E+02  0.659253E+02  0.676668E+02  0.831980E-01
 0.218476E+02  0.717481E+03  0.714363E+03  0.180807E+01  0.684985E+00  0.414754E+02  0.614580E+02  0.635070E+02  0.109079E+00
 0.205815E+02  0.508461E+03  0.506456E+03  0.133146E+01  0.559302E+00  0.373470E+02  0.570914E+02  0.595737E+02  0.137288E+00
 0.192623E+02  0.347364E+03  0.346137E+03  0.942396E+00  0.436267E+00  0.332458E+02  0.528498E+02  0.557928E+02  0.168168E+00
 0.179017E+02  0.227877E+03  0.227165E+03  0.638760E+00  0.324101E+00  0.292257E+02  0.487765E+02  0.521284E+02  0.201846E+00
 0.165149E+02  0.142931E+03  0.142543E+03  0.412882E+00  0.228475E+00  0.253427E+02  0.449152E+02  0.485764E+02  0.238353E+00
 0.151041E+02  0.853086E+02  0.851112E+02  0.253274E+00  0.152129E+00  0.216103E+02  0.412981E+02  0.451456E+02  0.277605E+00
 0.136881E+02  0.481948E+02  0.481020E+02  0.146695E+00  0.951376E-01  0.180869E+02  0.379542E+02  0.418482E+02  0.319072E+00
 0.122831E+02  0.256217E+02  0.255820E+02  0.798178E-01  0.555499E-01  0.148237E+02  0.348964E+02  0.387041E+02  0.361568E+00
 0.109665E+02  0.131861E+02  0.131701E+02  0.419486E-01  0.310349E-01  0.120020E+02  0.322564E+02  0.358641E+02  0.402016E+00
 0.979284E+01  0.678651E+01  0.678020E+01  0.219697E-01  0.171053E-01  0.971066E+01  0.300977E+02  0.334238E+02  0.438535E+00
 0.874269E+01  0.349298E+01  0.349057E+01  0.114584E-01  0.932355E-02  0.786596E+01  0.283505E+02  0.313280E+02  0.471900E+00
 0.780047E+01  0.179788E+01  0.179701E+01  0.593632E-02  0.503578E-02  0.638922E+01  0.269943E+02  0.295312E+02  0.504467E+00
 0.695489E+01  0.925429E+00  0.925133E+00  0.305154E-02  0.269456E-02  0.520609E+01  0.260346E+02  0.280595E+02  0.537472E+00
 0.619822E+01  0.476370E+00  0.476276E+00  0.156260E-02  0.142699E-02  0.425021E+01  0.254101E+02  0.269606E+02  0.567813E+00
 0.552420E+01  0.245222E+00  0.245196E+00  0.799044E-03  0.749537E-03  0.346853E+01  0.250260E+02  0.261644E+02  0.593717E+00
 0.492596E+01  0.126237E+00  0.126231E+00  0.407880E-03  0.391424E-03  0.282396E+01  0.248315E+02  0.255870E+02  0.616079E+00
 0.439516E+01  0.649861E-01  0.649861E-01  0.212869E-03  0.208165E-03  0.229293E+01  0.243286E+02  0.247285E+02  0.627340E+00

 0.419449E+03  0.522635E+05  0.428728E+04  0.407035E+06  0.428716E+04  0.153369E+04  0.176735E+04  0.164243E+05 -0.343328E-01
 0.113568E+03  0.156931E+04  0.367899E+04  0.536170E+05  0.364656E+05  0.579651E+03  0.137440E+04  0.141519E+04  0.189797E+00
 0.917605E+02  0.209148E+04  0.310596E+04  0.531111E+04  0.362726E+04  0.425909E+03  0.873004E+03  0.972088E+03  0.275848E+00
 0.768756E+02  0.195500E+04  0.257529E+04  0.140009E+04  0.794937E+03  0.328351E+03  0.524689E+03  0.618263E+03  0.233153E+00
 0.702553E+02  0.153677E+04  0.209309E+04  0.647316E+03  0.286399E+03  0.287627E+03  0.361416E+03  0.405938E+03  0.177221E+00
 0.656752E+02  0.116065E+04  0.166401E+04  0.390311E+03  0.139392E+03  0.260417E+03  0.297746E+03  0.303833E+03  0.135037E+00
 0.614329E+02  0.860605E+03  0.129095E+04  0.260917E+03  0.813221E+02  0.235856E+03  0.264054E+03  0.249921E+03  0.108960E+00
 0.573155E+02  0.628389E+03  0.974794E+03  0.180763E+03  0.529458E+02  0.212543E+03  0.239295E+03  0.216801E+03  0.954337E-01
 0.533230E+02  0.452021E+03  0.714363E+03  0.126033E+03  0.366553E+02  0.190375E+03  0.218113E+03  0.194117E+03  0.906614E-01
 0.494445E+02  0.319953E+03  0.506456E+03  0.870802E+02  0.261157E+02  0.169226E+03  0.198796E+03  0.176914E+03  0.922176E-01
 0.456902E+02  0.222136E+03  0.346137E+03  0.590544E+02  0.187364E+02  0.149142E+03  0.180714E+03  0.162578E+03  0.988474E-01
 0.420478E+02  0.150522E+03  0.227165E+03  0.389864E+02  0.133393E+02  0.130102E+03  0.163543E+03  0.149861E+03  0.110428E+00
 0.384843E+02  0.988410E+02  0.142543E+03  0.248443E+02  0.930776E+01  0.112046E+03  0.147082E+03  0.138093E+03  0.127585E+00
 0.349861E+02  0.623464E+02  0.851112E+02  0.151541E+02  0.628751E+01  0.950638E+02  0.131317E+03  0.126873E+03  0.151165E+00
 0.315467E+02  0.374267E+02  0.481020E+02  0.877106E+01  0.406168E+01  0.793016E+02  0.116379E+03  0.116012E+03  0.182077E+00
 0.281686E+02  0.211911E+02  0.255820E+02  0.477885E+01  0.247800E+01  0.649269E+02  0.102496E+03  0.105467E+03  0.220448E+00
 0.250192E+02  0.115720E+02  0.131701E+02  0.251540E+01  0.145139E+01  0.526551E+02  0.905342E+02  0.957277E+02  0.263882E+00
 0.222231E+02  0.626554E+01  0.678020E+01  0.131766E+01  0.835302E+00  0.427365E+02  0.809201E+02  0.871980E+02  0.308942E+00
 0.197388E+02  0.336133E+01  0.349057E+01  0.685742E+00  0.472340E+00  0.347038E+02  0.733069E+02  0.798160E+02  0.354468E+00
 0.175307E+02  0.178234E+01  0.179701E+01  0.353034E+00  0.262903E+00  0.281659E+02  0.674325E+02  0.735061E+02  0.402156E+00
 0.155744E+02  0.933041E+00  0.925133E+00  0.179636E+00  0.143975E+00  0.228301E+02  0.631772E+02  0.683698E+02  0.452640E+00
 0.138520E+02  0.484322E+00  0.476276E+00  0.910409E-01  0.775017E-01  0.184831E+02  0.603007E+02  0.645291E+02  0.500395E+00
 0.123361E+02  0.250111E+00  0.245196E+00  0.461210E-01  0.411722E-01  0.149422E+02  0.584348E+02  0.617137E+02  0.542164E+00
 0.109968E+02  0.128561E+00  0.126231E+00  0.233208E-01  0.216747E-01  0.120640E+02  0.573642E+02  0.596327E+02  0.579157E+00
 0.979302E+01  0.664546E-01  0.649861E-01  0.122724E-01  0.118035E-01  0.971099E+01  0.555257E+02  0.566754E+02  0.598804E+00

 0.396555E+03  0.383228E+06  0.428728E+04  0.345533E+06  0.428718E+04  0.151714E+04  0.175701E+04  0.164243E+05 -0.261409E-01
 0.257070E+03  0.767446E+05  0.367899E+04  0.100342E+06  0.295079E+05  0.134175E+04  0.140569E+04  0.139564E+04  0.564107E-01
 0.161150E+03  0.126955E+05  0.310596E+04  0.197895E+05  0.791558E+04  0.912009E+03  0.104848E+04  0.112358E+04  0.114354E+00
 0.129647E+03  0.675819E+04  0.257529E+04  0.652862E+04  0.201409E+04  0.695608E+03  0.735359E+03  0.732616E+03  0.922410E-01
 0.113276E+03  0.475011E+04  0.209309E+04  0.336295E+04  0.824770E+03  0.577550E+03  0.591176E+03  0.526253E+03  0.704155E-01
 0.102881E+03  0.341967E+04  0.166401E+04  0.209705E+04  0.439567E+03  0.503221E+03  0.516265E+03  0.427814E+03  0.550846E-01
 0.941784E+02  0.238020E+04  0.129095E+04  0.139035E+04  0.277611E+03  0.442452E+03  0.460486E+03  0.376099E+03  0.475887E-01
 0.858939E+02  0.158749E+04  0.974794E+03  0.924183E+03  0.191749E+03  0.386523E+03  0.409379E+03  0.339410E+03  0.472503E-01
 0.778392E+02  0.101683E+04  0.714363E+03  0.602306E+03  0.136465E+03  0.334419E+03  0.361326E+03  0.306884E+03  0.526337E-01
 0.700802E+02  0.628208E+03  0.506456E+03  0.381820E+03  0.967529E+02  0.286573E+03  0.317104E+03  0.276321E+03  0.628529E-01
 0.627235E+02  0.376391E+03  0.346137E+03  0.234860E+03  0.671858E+02  0.243266E+03  0.277262E+03  0.247658E+03  0.775474E-01
 0.558692E+02  0.220001E+03  0.227165E+03  0.140138E+03  0.453143E+02  0.204465E+03  0.241802E+03  0.221116E+03  0.965540E-01
 0.495864E+02  0.126197E+03  0.142543E+03  0.811186E+02  0.295619E+02  0.169994E+03  0.210388E+03  0.196880E+03  0.119744E+00
 0.438968E+02  0.713517E+02  0.851112E+02  0.454818E+02  0.186032E+02  0.139704E+03  0.182622E+03  0.175055E+03  0.147141E+00
 0.387558E+02  0.397144E+02  0.481020E+02  0.245788E+02  0.112518E+02  0.113397E+03  0.158139E+03  0.155620E+03  0.179268E+00
 0.340769E+02  0.215795E+02  0.255820E+02  0.127024E+02  0.649823E+01  0.907977E+02  0.136630E+03  0.138377E+03  0.216666E+00
 0.299578E+02  0.116281E+02  0.131701E+02  0.643784E+01  0.365745E+01  0.723926E+02  0.118767E+03  0.123631E+03  0.258231E+00
 0.264250E+02  0.630955E+01  0.678020E+01  0.328422E+01  0.205031E+01  0.579918E+02  0.104705E+03  0.111369E+03  0.301888E+00
 0.233451E+02  0.341122E+01  0.349057E+01  0.167570E+01  0.113918E+01  0.466045E+02  0.937037E+02  0.101054E+03  0.347028E+00
 0.206289E+02  0.181988E+01  0.179701E+01  0.849023E+00  0.626207E+00  0.374982E+02  0.852732E+02  0.923718E+02  0.395459E+00
 0.182323E+02  0.954259E+00  0.925133E+00  0.426448E+00  0.339746E+00  0.301833E+02  0.791962E+02  0.853785E+02  0.447477E+00
 0.161409E+02  0.495114E+00  0.476276E+00  0.214048E+00  0.181616E+00  0.243318E+02  0.751231E+02  0.801999E+02  0.496912E+00
 0.143183E+02  0.255243E+00  0.245196E+00  0.107685E+00  0.959792E-01  0.196272E+02  0.724992E+02  0.764436E+02  0.540105E+00
 0.127232E+02  0.130684E+00  0.126231E+00  0.541816E-01  0.503269E-01  0.158195E+02  0.709753E+02  0.736992E+02  0.578109E+00
 0.113040E+02  0.675677E-01  0.649861E-01  0.284196E-01  0.273256E-01  0.127016E+02  0.686072E+02  0.699850E+02  0.598251E+00

 0.364772E+03  0.271578E+06  0.428728E+04  0.252857E+06  0.428720E+04  0.149418E+04  0.179755E+04  0.164242E+05 -0.203670E-01
 0.253758E+03  0.707847E+05  0.367899E+04  0.885057E+05  0.200459E+05  0.133300E+04  0.138139E+04  0.138598E+04  0.404363E-01
 0.197476E+03  0.292690E+05  0.310596E+04  0.308482E+05  0.642913E+04  0.112027E+04  0.115767E+04  0.113382E+04  0.444901E-01
 0.162784E+03  0.158737E+05  0.257529E+04  0.138373E+05  0.249535E+04  0.922488E+03  0.945247E+03  0.881826E+03  0.396037E-01
 0.144437E+03  0.106210E+05  0.209309E+04  0.806278E+04  0.118328E+04  0.800077E+03  0.813312E+03  0.681578E+03  0.285654E-01
 0.131057E+03  0.727662E+04  0.166401E+04  0.525204E+04  0.723237E+03  0.705711E+03  0.722154E+03  0.579080E+03  0.230725E-01
 0.118937E+03  0.485083E+04  0.129095E+04  0.347065E+04  0.505897E+03  0.618407E+03  0.639895E+03  0.515037E+03  0.228958E-01
 0.107158E+03  0.310233E+04  0.974794E+03  0.224127E+04  0.369219E+03  0.533637E+03  0.559421E+03  0.459385E+03  0.271142E-01
 0.957271E+02  0.190091E+04  0.714363E+03  0.139897E+04  0.267836E+03  0.453134E+03  0.482469E+03  0.406136E+03  0.352715E-01
 0.848231E+02  0.111817E+04  0.506456E+03  0.842025E+03  0.189254E+03  0.379459E+03  0.412040E+03  0.356482E+03  0.475530E-01
 0.746030E+02  0.633831E+03  0.346137E+03  0.488746E+03  0.129105E+03  0.314180E+03  0.350076E+03  0.311653E+03  0.645179E-01
 0.652165E+02  0.348267E+03  0.227165E+03  0.274115E+03  0.846450E+02  0.257733E+03  0.297178E+03  0.271917E+03  0.865598E-01
 0.567758E+02  0.186906E+03  0.142543E+03  0.148975E+03  0.532607E+02  0.209523E+03  0.252644E+03  0.237072E+03  0.113679E+00
 0.493235E+02  0.986642E+02  0.851112E+02  0.785958E+02  0.321698E+02  0.168573E+03  0.215097E+03  0.206738E+03  0.145576E+00
 0.428030E+02  0.513556E+02  0.481020E+02  0.401738E+02  0.186441E+02  0.134007E+03  0.183216E+03  0.180512E+03  0.182188E+00
 0.370729E+02  0.262436E+02  0.255820E+02  0.197714E+02  0.103300E+02  0.105093E+03  0.156029E+03  0.157950E+03  0.223595E+00
 0.321957E+02  0.134455E+02  0.131701E+02  0.963054E+01  0.560338E+01  0.821947E+02  0.134023E+03  0.139280E+03  0.268146E+00
 0.281388E+02  0.701968E+01  0.678020E+01  0.476645E+01  0.304654E+01  0.648056E+02  0.117107E+03  0.124259E+03  0.313572E+00
 0.246825E+02  0.368373E+01  0.349057E+01  0.237639E+01  0.165102E+01  0.514112E+02  0.104139E+03  0.111989E+03  0.359551E+00
 0.216842E+02  0.191900E+01  0.179701E+01  0.118321E+01  0.889298E+00  0.409321E+02  0.943628E+02  0.101902E+03  0.407968E+00
 0.190761E+02  0.987523E+00  0.925133E+00  0.587004E+00  0.474825E+00  0.326831E+02  0.874058E+02  0.939282E+02  0.459070E+00
 0.168302E+02  0.505497E+00  0.476276E+00  0.292268E+00  0.250905E+00  0.262067E+02  0.827952E+02  0.881126E+02  0.506979E+00
 0.148932E+02  0.258147E+00  0.245196E+00  0.146296E+00  0.131521E+00  0.210714E+02  0.798442E+02  0.839473E+02  0.548339E+00
 0.132107E+02  0.131303E+00  0.126231E+00  0.734000E-01  0.685677E-01  0.169511E+02  0.781179E+02  0.809355E+02  0.584287E+00
 0.117238E+02  0.675879E-01  0.649861E-01  0.383211E-01  0.369525E-01  0.135950E+02  0.755605E+02  0.769967E+02  0.603137E+00

 0.360825E+03  0.253628E+06  0.428728E+04  0.242647E+06  0.428721E+04  0.149114E+04  0.180323E+04  0.164242E+05 -0.194072E-01
 0.250747E+03  0.682672E+05  0.367899E+04  0.863930E+05  0.183158E+05  0.132473E+04  0.136812E+04  0.139209E+04  0.411453E-01
 0.213008E+03  0.382264E+05  0.310596E+04  0.390465E+05  0.545209E+04  0.119210E+04  0.121114E+04  0.113502E+04  0.252691E-01
 0.185726E+03  0.240144E+05  0.257529E+04  0.219745E+05  0.260967E+04  0.105889E+04  0.107500E+04  0.955838E+03  0.187833E-01
 0.166776E+03  0.162529E+05  0.209309E+04  0.139088E+05  0.150314E+04  0.947688E+03  0.963624E+03  0.806023E+03  0.142741E-01
 0.151107E+03  0.110178E+05  0.166401E+04  0.917899E+04  0.101896E+04  0.845704E+03  0.865002E+03  0.704263E+03  0.129505E-01
 0.136288E+03  0.722877E+04  0.129095E+04  0.598293E+04  0.746260E+03  0.742969E+03  0.766389E+03  0.624160E+03  0.150089E-01
 0.121866E+03  0.455091E+04  0.974794E+03  0.377309E+04  0.551167E+03  0.639567E+03  0.666691E+03  0.548916E+03  0.200956E-01
 0.107998E+03  0.274650E+04  0.714363E+03  0.229132E+04  0.398423E+03  0.539637E+03  0.570029E+03  0.477521E+03  0.283311E-01
 0.949038E+02  0.159029E+04  0.506456E+03  0.133954E+04  0.278815E+03  0.447447E+03  0.480928E+03  0.412523E+03  0.403622E-01
 0.827457E+02  0.885035E+03  0.346137E+03  0.754324E+03  0.187833E+03  0.365871E+03  0.402560E+03  0.355334E+03  0.571419E-01
 0.716743E+02  0.475316E+03  0.227165E+03  0.409998E+03  0.121368E+03  0.296215E+03  0.336461E+03  0.305991E+03  0.794300E-01
 0.617908E+02  0.247942E+03  0.142543E+03  0.215675E+03  0.751115E+02  0.237906E+03  0.282110E+03  0.263859E+03  0.107615E+00
 0.531235E+02  0.126507E+03  0.851112E+02  0.110010E+03  0.445214E+02  0.189278E+03  0.237502E+03  0.227956E+03  0.141675E+00
 0.455983E+02  0.633566E+02  0.481020E+02  0.543534E+02  0.252606E+02  0.148655E+03  0.200382E+03  0.197318E+03  0.181486E+00
 0.390781E+02  0.310593E+02  0.255820E+02  0.259002E+02  0.136764E+02  0.115008E+03  0.169172E+03  0.171169E+03  0.226527E+00
 0.336309E+02  0.152897E+02  0.131701E+02  0.122696E+02  0.725344E+01  0.887303E+02  0.144218E+03  0.149749E+03  0.274380E+00
 0.291664E+02  0.771184E+01  0.678020E+01  0.593780E+01  0.386504E+01  0.690480E+02  0.125267E+03  0.132763E+03  0.322374E+00
 0.254252E+02  0.393221E+01  0.349057E+01  0.290874E+01  0.205766E+01  0.541725E+02  0.110933E+03  0.119100E+03  0.369883E+00
 0.222294E+02  0.200169E+01  0.179701E+01  0.142933E+01  0.109157E+01  0.427577E+02  0.100263E+03  0.108043E+03  0.418656E+00
 0.194873E+02  0.101250E+01  0.925133E+00  0.702737E+00  0.575762E+00  0.339312E+02  0.927455E+02  0.994234E+02  0.469001E+00
 0.171528E+02  0.512231E+00  0.476276E+00  0.347909E+00  0.301583E+00  0.271022E+02  0.878038E+02  0.932096E+02  0.515500E+00
 0.151552E+02  0.259579E+00  0.245196E+00  0.173552E+00  0.157123E+00  0.217417E+02  0.846530E+02  0.887999E+02  0.555190E+00
 0.134295E+02  0.131410E+00  0.126231E+00  0.869164E-01  0.815666E-01  0.174683E+02  0.827986E+02  0.856342E+02  0.589338E+00
 0.119115E+02  0.673930E-01  0.649861E-01  0.452231E-01  0.437099E-01  0.140026E+02  0.801401E+02  0.815945E+02  0.607104E+00

 0.361507E+03  0.254838E+06  0.428728E+04  0.245006E+06  0.428721E+04  0.149168E+04  0.179966E+04  0.164242E+05 -0.191231E-01
 0.251783E+03  0.702188E+05  0.367899E+04  0.886454E+05  0.179406E+05  0.132761E+04  0.136682E+04  0.139748E+04  0.410682E-01
 0.221696E+03  0.441040E+05  0.310596E+04  0.451165E+05  0.498705E+04  0.122772E+04  0.124092E+04  0.113778E+04  0.186410E-01
 0.199783E+03  0.301942E+05  0.257529E+04  0.287491E+05  0.262241E+04  0.113161E+04  0.114551E+04  0.991573E+03  0.104777E-01
 0.181118E+03  0.207785E+05  0.209309E+04  0.191322E+05  0.173823E+04  0.103320E+04  0.104993E+04  0.880968E+03  0.855869E-02
 0.164024E+03  0.140306E+05  0.166401E+04  0.127121E+05  0.126019E+04  0.930375E+03  0.950580E+03  0.784727E+03  0.904828E-02
 0.147485E+03  0.914203E+04  0.129095E+04  0.822164E+04  0.940867E+03  0.821069E+03  0.844975E+03  0.694872E+03  0.117712E-01
 0.131418E+03  0.571801E+04  0.974794E+03  0.512510E+04  0.695795E+03  0.708293E+03  0.735704E+03  0.607408E+03  0.168041E-01
 0.116043E+03  0.343132E+04  0.714363E+03  0.307299E+04  0.501166E+03  0.597506E+03  0.628175E+03  0.524721E+03  0.246069E-01
 0.101591E+03  0.197657E+04  0.506456E+03  0.177280E+04  0.349048E+03  0.494105E+03  0.527899E+03  0.449934E+03  0.360141E-01
 0.882363E+02  0.109389E+04  0.346137E+03  0.984947E+03  0.233991E+03  0.402114E+03  0.439117E+03  0.384643E+03  0.520810E-01
 0.761229E+02  0.583113E+03  0.227165E+03  0.527866E+03  0.150493E+03  0.323635E+03  0.364193E+03  0.328981E+03  0.738245E-01
 0.653060E+02  0.300750E+03  0.142543E+03  0.273281E+03  0.926485E+02  0.258256E+03  0.302916E+03  0.282077E+03  0.102093E+00
 0.558285E+02  0.150883E+03  0.851112E+02  0.136929E+03  0.545170E+02  0.204239E+03  0.253288E+03  0.242496E+03  0.137035E+00
 0.476212E+02  0.738538E+02  0.481020E+02  0.663564E+02  0.306419E+02  0.159421E+03  0.212541E+03  0.208970E+03  0.178665E+00
 0.405235E+02  0.352253E+02  0.255820E+02  0.309824E+02  0.163996E+02  0.122299E+03  0.178504E+03  0.180461E+03  0.226486E+00
 0.346389E+02  0.168568E+02  0.131701E+02  0.144059E+02  0.858478E+01  0.934267E+02  0.151421E+03  0.157133E+03  0.277152E+00
 0.298846E+02  0.828492E+01  0.678020E+01  0.686720E+01  0.451688E+01  0.720807E+02  0.131009E+03  0.138730E+03  0.327242E+00
 0.259303E+02  0.413188E+01  0.349057E+01  0.332377E+01  0.237768E+01  0.560873E+02  0.115692E+03  0.124068E+03  0.376203E+00
 0.225894E+02  0.206623E+01  0.179701E+01  0.161850E+01  0.124880E+01  0.439827E+02  0.104381E+03  0.112313E+03  0.425522E+00
 0.197522E+02  0.103153E+01  0.925133E+00  0.790804E+00  0.653372E+00  0.347454E+02  0.964654E+02  0.103234E+03  0.475527E+00
 0.173566E+02  0.517254E+00  0.476276E+00  0.389981E+00  0.340227E+00  0.276741E+02  0.912891E+02  0.967398E+02  0.521156E+00
 0.153185E+02  0.260617E+00  0.245196E+00  0.194083E+00  0.176531E+00  0.221633E+02  0.879965E+02  0.921603E+02  0.559758E+00
 0.135644E+02  0.131474E+00  0.126231E+00  0.970760E-01  0.913790E-01  0.177900E+02  0.860500E+02  0.888885E+02  0.592714E+00
 0.120258E+02  0.672359E-01  0.649861E-01  0.503922E-01  0.487823E-01  0.142533E+02  0.833244E+02  0.847862E+02  0.609769E+00

 0.362104E+03  0.257113E+06  0.428728E+04  0.247212E+06  0.428720E+04  0.149214E+04  0.179666E+04  0.164242E+05 -0.188616E-01
 0.253477E+03  0.724354E+05  0.367899E+04  0.910307E+05  0.177548E+05  0.133224E+04  0.136843E+04  0.140045E+04  0.402738E-01
 0.226747E+03  0.478100E+05  0.310596E+04  0.491301E+05  0.476174E+04  0.124697E+04  0.125784E+04  0.114023E+04  0.157983E-01
 0.207681E+03  0.341766E+05  0.257529E+04  0.332906E+05  0.261714E+04  0.116865E+04  0.118167E+04  0.100964E+04  0.699413E-02
 0.189434E+03  0.238642E+05  0.209309E+04  0.227977E+05  0.187788E+04  0.107891E+04  0.109562E+04  0.921032E+03  0.602304E-02
 0.171706E+03  0.161351E+05  0.166401E+04  0.152580E+05  0.141452E+04  0.977997E+03  0.998242E+03  0.829907E+03  0.720141E-02
 0.154320E+03  0.104987E+05  0.129095E+04  0.986731E+04  0.106839E+04  0.867254E+03  0.891079E+03  0.736428E+03  0.100403E-01
 0.137382E+03  0.655787E+04  0.974794E+03  0.613497E+04  0.792372E+03  0.750706E+03  0.778034E+03  0.643317E+03  0.148632E-01
 0.121180E+03  0.393178E+04  0.714363E+03  0.366563E+04  0.570980E+03  0.634611E+03  0.665272E+03  0.554663E+03  0.222253E-01
 0.105960E+03  0.226364E+04  0.506456E+03  0.210604E+04  0.397770E+03  0.525087E+03  0.558965E+03  0.474319E+03  0.330403E-01
 0.918971E+02  0.125238E+04  0.346137E+03  0.116439E+04  0.266743E+03  0.426839E+03  0.463981E+03  0.404184E+03  0.484609E-01
 0.791393E+02  0.666896E+03  0.227165E+03  0.620461E+03  0.171559E+03  0.342664E+03  0.383377E+03  0.344500E+03  0.695961E-01
 0.677605E+02  0.342648E+03  0.142543E+03  0.319068E+03  0.105585E+03  0.272712E+03  0.317554E+03  0.294473E+03  0.974544E-01
 0.577525E+02  0.170537E+03  0.851112E+02  0.158422E+03  0.620558E+02  0.214995E+03  0.264460E+03  0.252559E+03  0.132720E+00
 0.490730E+02  0.823968E+02  0.481020E+02  0.759159E+02  0.347574E+02  0.167221E+03  0.221164E+03  0.217132E+03  0.175451E+00
 0.415765E+02  0.385975E+02  0.255820E+02  0.350037E+02  0.184967E+02  0.127678E+03  0.185170E+03  0.187026E+03  0.225104E+00
 0.353710E+02  0.181074E+02  0.131701E+02  0.160756E+02  0.961281E+01  0.968893E+02  0.156576E+03  0.162393E+03  0.277977E+00
 0.303920E+02  0.873819E+01  0.678020E+01  0.758396E+01  0.501805E+01  0.742554E+02  0.135098E+03  0.142984E+03  0.329831E+00
 0.262925E+02  0.428851E+01  0.349057E+01  0.364098E+01  0.262197E+01  0.574788E+02  0.119072E+03  0.127592E+03  0.379893E+00
 0.228445E+02  0.211667E+01  0.179701E+01  0.176201E+01  0.136826E+01  0.448600E+02  0.107297E+03  0.115333E+03  0.429752E+00
 0.199373E+02  0.104646E+01  0.925133E+00  0.857227E+00  0.712059E+00  0.353192E+02  0.990926E+02  0.105921E+03  0.479673E+00
 0.174972E+02  0.521257E+00  0.476276E+00  0.421588E+00  0.369337E+00  0.280711E+02  0.937465E+02  0.992250E+02  0.524817E+00
 0.154296E+02  0.261487E+00  0.245196E+00  0.209467E+00  0.191108E+00  0.224521E+02  0.903512E+02  0.945233E+02  0.562748E+00
 0.136553E+02  0.131553E+00  0.126231E+00  0.104677E+00  0.987331E-01  0.180080E+02  0.883379E+02  0.911757E+02  0.594939E+00
 0.121023E+02  0.671308E-01  0.649861E-01  0.542522E-01  0.525736E-01  0.144220E+02  0.855650E+02  0.870305E+02  0.611539E+00

 0.362375E+03  0.258350E+06  0.428728E+04  0.248387E+06  0.428720E+04  0.149235E+04  0.179495E+04  0.164242E+05 -0.186620E-01
 0.254715E+03  0.739530E+05  0.367899E+04  0.926389E+05  0.176311E+05  0.133557E+04  0.136993E+04  0.140196E+04  0.395752E-01
 0.229601E+03  0.500010E+05  0.310596E+04  0.515344E+05  0.465107E+04  0.125739E+04  0.126719E+04  0.114205E+04  0.144157E-01
 0.211874E+03  0.364952E+05  0.257529E+04  0.359586E+05  0.260995E+04  0.118722E+04  0.119975E+04  0.101919E+04  0.548847E-02
 0.194039E+03  0.257333E+05  0.209309E+04  0.250535E+05  0.194629E+04  0.110294E+04  0.111942E+04  0.941210E+03  0.476695E-02
 0.176155E+03  0.174591E+05  0.166401E+04  0.168960E+05  0.149998E+04  0.100454E+04  0.102461E+04  0.854268E+03  0.615160E-02
 0.158387E+03  0.113803E+05  0.129095E+04  0.109569E+05  0.114365E+04  0.894084E+03  0.917716E+03  0.760366E+03  0.901054E-02
 0.141030E+03  0.711868E+04  0.974794E+03  0.682127E+04  0.851214E+03  0.776365E+03  0.803519E+03  0.664833E+03  0.136301E-01
 0.124405E+03  0.427433E+04  0.714363E+03  0.407820E+04  0.614815E+03  0.657894E+03  0.688457E+03  0.573260E+03  0.206445E-01
 0.108775E+03  0.246490E+04  0.506456E+03  0.234346E+04  0.429250E+03  0.545200E+03  0.579064E+03  0.489910E+03  0.309810E-01
 0.943231E+02  0.136593E+04  0.346137E+03  0.129516E+04  0.288577E+03  0.443447E+03  0.480633E+03  0.417010E+03  0.458323E-01
 0.811811E+02  0.728238E+03  0.227165E+03  0.689078E+03  0.186054E+03  0.355743E+03  0.396532E+03  0.354946E+03  0.664529E-01
 0.694464E+02  0.374152E+03  0.142543E+03  0.353423E+03  0.114701E+03  0.282767E+03  0.327705E+03  0.302927E+03  0.938980E-01
 0.591119E+02  0.185592E+03  0.851112E+02  0.174756E+03  0.674795E+02  0.222655E+03  0.272316E+03  0.259480E+03  0.129104E+00
 0.501118E+02  0.890062E+02  0.481020E+02  0.832153E+02  0.377790E+02  0.172837E+03  0.227267E+03  0.222838E+03  0.172482E+00
 0.423384E+02  0.412197E+02  0.255820E+02  0.380719E+02  0.200548E+02  0.131602E+03  0.189918E+03  0.191664E+03  0.223362E+00
 0.359028E+02  0.190743E+02  0.131701E+02  0.173429E+02  0.103811E+02  0.994305E+02  0.160259E+03  0.166135E+03  0.277850E+00
 0.307590E+02  0.908519E+01  0.678020E+01  0.812425E+01  0.539284E+01  0.758450E+02  0.138018E+03  0.146016E+03  0.331072E+00
 0.265540E+02  0.440844E+01  0.349057E+01  0.387866E+01  0.280431E+01  0.584930E+02  0.121479E+03  0.130101E+03  0.382025E+00
 0.230276E+02  0.215539E+01  0.179701E+01  0.186899E+01  0.145722E+01  0.454946E+02  0.109368E+03  0.117478E+03  0.432376E+00
 0.200690E+02  0.105798E+01  0.925133E+00  0.906542E+00  0.755647E+00  0.357298E+02  0.100955E+03  0.107825E+03  0.482337E+00
 0.175962E+02  0.524393E+00  0.476276E+00  0.444988E+00  0.390910E+00  0.283519E+02  0.954859E+02  0.100983E+03  0.527216E+00
 0.155072E+02  0.262194E+00  0.245196E+00  0.220835E+00  0.201892E+00  0.226543E+02  0.920164E+02  0.961933E+02  0.564733E+00
 0.137181E+02  0.131633E+00  0.126231E+00  0.110288E+00  0.104166E+00  0.181593E+02  0.899548E+02  0.927912E+02  0.596426E+00
 0.121548E+02  0.670610E-01  0.649861E-01  0.570977E-01  0.553697E-01  0.145382E+02  0.871484E+02  0.886158E+02  0.612731E+00

 0.362495E+03  0.258958E+06  0.428728E+04  0.248989E+06  0.428720E+04  0.149244E+04  0.179401E+04  0.164242E+05 -0.185353E-01
 0.255470E+03  0.748626E+05  0.367899E+04  0.935951E+05  0.175549E+05  0.133757E+04  0.137090E+04  0.140274E+04  0.391221E-01
 0.231183E+03  0.512473E+05  0.310596E+04  0.529022E+05  0.459644E+04  0.126301E+04  0.127228E+04  0.114329E+04  0.137031E-01
 0.214064E+03  0.377791E+05  0.257529E+04  0.374367E+05  0.260386E+04  0.119660E+04  0.120886E+04  0.102434E+04  0.481460E-02
 0.196564E+03  0.268083E+05  0.209309E+04  0.263608E+05  0.197718E+04  0.111572E+04  0.113199E+04  0.951359E+03  0.409376E-02
 0.178666E+03  0.182554E+05  0.166401E+04  0.178781E+05  0.154460E+04  0.101917E+04  0.103904E+04  0.867441E+03  0.556005E-02
 0.160760E+03  0.119277E+05  0.129095E+04  0.116330E+05  0.118488E+04  0.909496E+03  0.932930E+03  0.773824E+03  0.837434E-02
 0.143229E+03  0.747701E+04  0.974794E+03  0.726116E+04  0.884902E+03  0.791699E+03  0.818680E+03  0.677474E+03  0.128271E-01
 0.126408E+03  0.449910E+04  0.714363E+03  0.435067E+04  0.640960E+03  0.672327E+03  0.702772E+03  0.584618E+03  0.195801E-01
 0.110569E+03  0.260048E+04  0.506456E+03  0.250454E+04  0.448720E+03  0.558073E+03  0.591885E+03  0.499742E+03  0.295604E-01
 0.959153E+02  0.144453E+04  0.346137E+03  0.138628E+04  0.302558E+03  0.454436E+03  0.491617E+03  0.425316E+03  0.439495E-01
 0.825563E+02  0.771652E+03  0.227165E+03  0.737973E+03  0.195678E+03  0.364641E+03  0.405459E+03  0.361897E+03  0.641347E-01
 0.706016E+02  0.396892E+03  0.142543E+03  0.378299E+03  0.120936E+03  0.289716E+03  0.334704E+03  0.308667E+03  0.912259E-01
 0.600622E+02  0.196711E+03  0.851112E+02  0.186741E+03  0.712765E+02  0.228041E+03  0.277800E+03  0.264233E+03  0.126272E+00
 0.508493E+02  0.939540E+02  0.481020E+02  0.886082E+02  0.399376E+02  0.176842E+03  0.231561E+03  0.226810E+03  0.170026E+00
 0.428792E+02  0.431970E+02  0.255820E+02  0.403391E+02  0.211814E+02  0.134402E+03  0.193264E+03  0.194923E+03  0.221763E+00
 0.362869E+02  0.198041E+02  0.131701E+02  0.182786E+02  0.109395E+02  0.101279E+03  0.162869E+03  0.168773E+03  0.277344E+00
 0.310243E+02  0.934641E+01  0.678020E+01  0.852158E+01  0.566634E+01  0.770024E+02  0.140088E+03  0.148161E+03  0.331612E+00
 0.267377E+02  0.449864E+01  0.349057E+01  0.405248E+01  0.293732E+01  0.592102E+02  0.123180E+03  0.131877E+03  0.383298E+00
 0.231592E+02  0.218455E+01  0.179701E+01  0.194700E+01  0.152193E+01  0.459533E+02  0.110829E+03  0.118992E+03  0.434015E+00
 0.201631E+02  0.106670E+01  0.925133E+00  0.942420E+00  0.787332E+00  0.360243E+02  0.102266E+03  0.109166E+03  0.484051E+00
 0.176663E+02  0.526783E+00  0.476276E+00  0.461980E+00  0.406574E+00  0.285516E+02  0.967089E+02  0.102219E+03  0.528790E+00
 0.155617E+02  0.262744E+00  0.245196E+00  0.229080E+00  0.209714E+00  0.227969E+02  0.931863E+02  0.973667E+02  0.566049E+00
 0.137620E+02  0.131703E+00  0.126231E+00  0.114354E+00  0.108104E+00  0.182652E+02  0.910902E+02  0.939257E+02  0.597420E+00
 0.121913E+02  0.670141E-01  0.649861E-01  0.591580E-01  0.573947E-01  0.146192E+02  0.882600E+02  0.897287E+02  0.613533E+00

 0.362556E+03  0.259274E+06  0.428728E+04  0.249311E+06  0.428720E+04  0.149249E+04  0.179350E+04  0.164242E+05 -0.184613E-01
 0.255906E+03  0.753857E+05  0.367899E+04  0.941419E+05  0.175112E+05  0.133872E+04  0.137147E+04  0.140316E+04  0.388548E-01
 0.232053E+03  0.519451E+05  0.310596E+04  0.536645E+05  0.456929E+04  0.126607E+04  0.127506E+04  0.114410E+04  0.133256E-01
 0.215214E+03  0.384801E+05  0.257529E+04  0.382402E+05  0.260006E+04  0.120145E+04  0.121354E+04  0.102719E+04  0.449985E-02
 0.197935E+03  0.274155E+05  0.209309E+04  0.270935E+05  0.199068E+04  0.112254E+04  0.113865E+04  0.956568E+03  0.373363E-02
 0.180069E+03  0.187194E+05  0.166401E+04  0.184466E+05  0.156689E+04  0.102723E+04  0.104696E+04  0.874534E+03  0.521993E-02
 0.162133E+03  0.122572E+05  0.129095E+04  0.120381E+05  0.120659E+04  0.918325E+03  0.941598E+03  0.781349E+03  0.797911E-02
 0.144544E+03  0.769937E+04  0.974794E+03  0.753385E+04  0.903520E+03  0.800816E+03  0.827651E+03  0.684834E+03  0.123045E-01
 0.127643E+03  0.464261E+04  0.714363E+03  0.452497E+04  0.656092E+03  0.681210E+03  0.711550E+03  0.591485E+03  0.188666E-01
 0.111706E+03  0.268935E+04  0.506456E+03  0.261051E+04  0.460479E+03  0.566248E+03  0.599999E+03  0.505890E+03  0.285890E-01
 0.969462E+02  0.149749E+04  0.346137E+03  0.144771E+04  0.311294E+03  0.461586E+03  0.498744E+03  0.430643E+03  0.426410E-01
 0.834771E+02  0.801661E+03  0.227165E+03  0.771836E+03  0.201897E+03  0.370638E+03  0.411450E+03  0.366447E+03  0.624419E-01
 0.713894E+02  0.412931E+03  0.142543E+03  0.395829E+03  0.125115E+03  0.294484E+03  0.339492E+03  0.312536E+03  0.892573E-01
 0.607159E+02  0.204706E+03  0.851112E+02  0.195279E+03  0.738804E+02  0.231761E+03  0.281577E+03  0.267482E+03  0.124162E+00
 0.513678E+02  0.975585E+02  0.481020E+02  0.924896E+02  0.414423E+02  0.179666E+03  0.234551E+03  0.229542E+03  0.168086E+00
 0.432620E+02  0.446443E+02  0.255820E+02  0.419771E+02  0.219785E+02  0.136392E+03  0.195608E+03  0.197193E+03  0.220402E+00
 0.365610E+02  0.203410E+02  0.131701E+02  0.189551E+02  0.113375E+02  0.102604E+03  0.164703E+03  0.170619E+03  0.276750E+00
 0.312139E+02  0.953836E+01  0.678020E+01  0.880830E+01  0.586209E+01  0.778339E+02  0.141545E+03  0.149667E+03  0.331786E+00
 0.268684E+02  0.456456E+01  0.349057E+01  0.417757E+01  0.303263E+01  0.597226E+02  0.124375E+03  0.133123E+03  0.384033E+00
 0.232528E+02  0.220592E+01  0.179701E+01  0.200301E+01  0.156829E+01  0.462805E+02  0.111853E+03  0.120054E+03  0.435045E+00
 0.202296E+02  0.107311E+01  0.925133E+00  0.968128E+00  0.810015E+00  0.362334E+02  0.103184E+03  0.110106E+03  0.485165E+00
 0.177157E+02  0.528554E+00  0.476276E+00  0.474138E+00  0.417780E+00  0.286925E+02  0.975644E+02  0.103084E+03  0.529831E+00
 0.155999E+02  0.263159E+00  0.245196E+00  0.234974E+00  0.215306E+00  0.228970E+02  0.940042E+02  0.981869E+02  0.566930E+00
 0.137926E+02  0.131759E+00  0.126231E+00  0.117258E+00  0.110918E+00  0.183392E+02  0.918837E+02  0.947184E+02  0.598089E+00
 0.122166E+02  0.669826E-01  0.649861E-01  0.606291E-01  0.588408E-01  0.146755E+02  0.890367E+02  0.905062E+02  0.614075E+00

 0.362589E+03  0.259447E+06  0.428728E+04  0.249492E+06  0.428720E+04  0.149251E+04  0.179321E+04  0.164242E+05 -0.184193E-01
 0.256154E+03  0.756835E+05  0.367899E+04  0.944522E+05  0.174868E+05  0.133937E+04  0.137180E+04  0.140338E+04  0.387020E-01
 0.232534E+03  0.523351E+05  0.310596E+04  0.540898E+05  0.455481E+04  0.126774E+04  0.127658E+04  0.114458E+04  0.131227E-01
 0.215844E+03  0.388639E+05  0.257529E+04  0.386860E+05  0.259801E+04  0.120408E+04  0.121606E+04  0.102881E+04  0.433499E-02
 0.198681E+03  0.277552E+05  0.209309E+04  0.275012E+05  0.199723E+04  0.112622E+04  0.114222E+04  0.959420E+03  0.354768E-02
 0.180855E+03  0.189863E+05  0.166401E+04  0.187713E+05  0.157792E+04  0.103171E+04  0.105132E+04  0.878376E+03  0.502508E-02
 0.162926E+03  0.124523E+05  0.129095E+04  0.122769E+05  0.121784E+04  0.923392E+03  0.946544E+03  0.785564E+03  0.773595E-02
 0.145327E+03  0.783507E+04  0.974794E+03  0.769985E+04  0.913633E+03  0.806228E+03  0.832951E+03  0.689109E+03  0.119687E-01
 0.128400E+03  0.473267E+04  0.714363E+03  0.463436E+04  0.664708E+03  0.686655E+03  0.716907E+03  0.595614E+03  0.183944E-01
 0.112423E+03  0.274655E+04  0.506456E+03  0.267887E+04  0.467468E+03  0.571407E+03  0.605101E+03  0.509705E+03  0.279321E-01
 0.976112E+02  0.153239E+04  0.346137E+03  0.148833E+04  0.316670E+03  0.466212E+03  0.503340E+03  0.434031E+03  0.417381E-01
 0.840891E+02  0.822011E+03  0.227165E+03  0.794818E+03  0.205859E+03  0.374640E+03  0.415434E+03  0.369408E+03  0.612323E-01
 0.719230E+02  0.424026E+03  0.142543E+03  0.407944E+03  0.127872E+03  0.297727E+03  0.342739E+03  0.315122E+03  0.878308E-01
 0.611638E+02  0.210313E+03  0.851112E+02  0.201250E+03  0.756401E+02  0.234317E+03  0.284163E+03  0.269685E+03  0.122615E+00
 0.517283E+02  0.100125E+03  0.481020E+02  0.952290E+02  0.424761E+02  0.181633E+03  0.236616E+03  0.231412E+03  0.166616E+00
 0.435306E+02  0.456832E+02  0.255820E+02  0.431389E+02  0.225334E+02  0.137791E+03  0.197236E+03  0.198761E+03  0.219316E+00
 0.367544E+02  0.207279E+02  0.131701E+02  0.194356E+02  0.116168E+02  0.103542E+03  0.165981E+03  0.171902E+03  0.276200E+00
 0.313480E+02  0.967679E+01  0.678020E+01  0.901183E+01  0.599999E+01  0.784241E+02  0.142560E+03  0.150716E+03  0.331789E+00
 0.269608E+02  0.461208E+01  0.349057E+01  0.426624E+01  0.309989E+01  0.600860E+02  0.125207E+03  0.133992E+03  0.384450E+00
 0.233188E+02  0.222134E+01  0.179701E+01  0.204265E+01  0.160102E+01  0.465120E+02  0.112565E+03  0.120793E+03  0.435690E+00
 0.202765E+02  0.107774E+01  0.925133E+00  0.986299E+00  0.826028E+00  0.363807E+02  0.103822E+03  0.110758E+03  0.485889E+00
 0.177503E+02  0.529841E+00  0.476276E+00  0.482723E+00  0.425688E+00  0.287914E+02  0.981584E+02  0.103685E+03  0.530520E+00
 0.156265E+02  0.263463E+00  0.245196E+00  0.239132E+00  0.219252E+00  0.229669E+02  0.945719E+02  0.987563E+02  0.567519E+00
 0.138139E+02  0.131802E+00  0.126231E+00  0.119307E+00  0.112902E+00  0.183907E+02  0.924343E+02  0.952685E+02  0.598539E+00
 0.122342E+02  0.669613E-01  0.649861E-01  0.616663E-01  0.598603E-01  0.147147E+02  0.895756E+02  0.910455E+02  0.614442E+00

 0.362608E+03  0.259547E+06  0.428728E+04  0.249596E+06  0.428720E+04  0.149253E+04  0.179304E+04  0.164242E+05 -0.183955E-01
 0.256296E+03  0.758539E+05  0.367899E+04  0.946291E+05  0.174733E+05  0.133974E+04  0.137199E+04  0.140351E+04  0.386149E-01
 0.232802E+03  0.525550E+05  0.310596E+04  0.543291E+05  0.454680E+04  0.126868E+04  0.127743E+04  0.114485E+04  0.130117E-01
 0.216197E+03  0.390792E+05  0.257529E+04  0.389374E+05  0.259697E+04  0.120555E+04  0.121747E+04  0.102975E+04  0.424330E-02
 0.199092E+03  0.279460E+05  0.209309E+04  0.277290E+05  0.200070E+04  0.112824E+04  0.114417E+04  0.961041E+03  0.345185E-02
 0.181297E+03  0.191393E+05  0.166401E+04  0.189563E+05  0.158341E+04  0.103422E+04  0.105375E+04  0.880486E+03  0.491395E-02
 0.163384E+03  0.125673E+05  0.129095E+04  0.124168E+05  0.122363E+04  0.926312E+03  0.949378E+03  0.787938E+03  0.758772E-02
 0.145793E+03  0.791715E+04  0.974794E+03  0.779995E+04  0.919089E+03  0.809441E+03  0.836082E+03  0.691595E+03  0.117556E-01
 0.128864E+03  0.478858E+04  0.714363E+03  0.470221E+04  0.669571E+03  0.689984E+03  0.720168E+03  0.598090E+03  0.180860E-01
 0.112873E+03  0.278294E+04  0.506456E+03  0.272240E+04  0.471580E+03  0.574647E+03  0.608292E+03  0.512059E+03  0.274932E-01
 0.980384E+02  0.155512E+04  0.346137E+03  0.151484E+04  0.319945E+03  0.469189E+03  0.506287E+03  0.436172E+03  0.411210E-01
 0.844930E+02  0.835617E+03  0.227165E+03  0.810183E+03  0.208359E+03  0.377289E+03  0.418061E+03  0.371322E+03  0.603821E-01
 0.722820E+02  0.431592E+03  0.142543E+03  0.416189E+03  0.129671E+03  0.299915E+03  0.344922E+03  0.316835E+03  0.868122E-01
 0.614689E+02  0.214191E+03  0.851112E+02  0.205363E+03  0.768155E+02  0.236062E+03  0.285921E+03  0.271169E+03  0.121498E+00
 0.519767E+02  0.101923E+03  0.481020E+02  0.971328E+02  0.431782E+02  0.182991E+03  0.238032E+03  0.232684E+03  0.165532E+00
 0.437173E+02  0.464167E+02  0.255820E+02  0.439504E+02  0.229147E+02  0.138766E+03  0.198358E+03  0.199836E+03  0.218485E+00
 0.368895E+02  0.210024E+02  0.131701E+02  0.197720E+02  0.118102E+02  0.104199E+03  0.166865E+03  0.172786E+03  0.275739E+00
 0.314420E+02  0.977515E+01  0.678020E+01  0.915433E+01  0.609589E+01  0.788387E+02  0.143262E+03  0.151441E+03  0.331721E+00
 0.270255E+02  0.464590E+01  0.349057E+01  0.432828E+01  0.314676E+01  0.603414E+02  0.125782E+03  0.134592E+03  0.384683E+00
 0.233650E+02  0.223232E+01  0.179701E+01  0.207036E+01  0.162384E+01  0.466743E+02  0.113057E+03  0.121303E+03  0.436095E+00
 0.203091E+02  0.108104E+01  0.925133E+00  0.998987E+00  0.837196E+00  0.364837E+02  0.104261E+03  0.111209E+03  0.486361E+00
 0.177743E+02  0.530759E+00  0.476276E+00  0.488713E+00  0.431203E+00  0.288603E+02  0.985678E+02  0.104099E+03  0.530977E+00
 0.156450E+02  0.263682E+00  0.245196E+00  0.242032E+00  0.222003E+00  0.230155E+02  0.949631E+02  0.991487E+02  0.567914E+00
 0.138286E+02  0.131833E+00  0.126231E+00  0.120735E+00  0.114286E+00  0.184264E+02  0.928137E+02  0.956475E+02  0.598842E+00
 0.122463E+02  0.669468E-01  0.649861E-01  0.623893E-01  0.605709E-01  0.147417E+02  0.899468E+02  0.914171E+02  0.614690E+00

 0.362619E+03  0.259605E+06  0.428728E+04  0.249657E+06  0.428720E+04  0.149254E+04  0.179295E+04  0.164242E+05 -0.183820E-01
 0.256377E+03  0.759522E+05  0.367899E+04  0.947309E+05  0.174658E+05  0.133995E+04  0.137210E+04  0.140358E+04  0.385650E-01
 0.232954E+03  0.526804E+05  0.310596E+04  0.544650E+05  0.454237E+04  0.126920E+04  0.127791E+04  0.114501E+04  0.129497E-01
 0.216397E+03  0.392019E+05  0.257529E+04  0.390799E+05  0.259647E+04  0.120638E+04  0.121826E+04  0.103029E+04  0.419209E-02
 0.199322E+03  0.280541E+05  0.209309E+04  0.278574E+05  0.200255E+04  0.112936E+04  0.114525E+04  0.961970E+03  0.340098E-02
 0.181547E+03  0.192273E+05  0.166401E+04  0.190620E+05  0.158618E+04  0.103564E+04  0.105511E+04  0.881667E+03  0.485047E-02
 0.163650E+03  0.126348E+05  0.129095E+04  0.124987E+05  0.122663E+04  0.928003E+03  0.951011E+03  0.789289E+03  0.749795E-02
 0.146070E+03  0.796658E+04  0.974794E+03  0.786005E+04  0.922027E+03  0.811352E+03  0.837934E+03  0.693046E+03  0.116217E-01
 0.129146E+03  0.482305E+04  0.714363E+03  0.474400E+04  0.672307E+03  0.692014E+03  0.722148E+03  0.599574E+03  0.178868E-01
 0.113155E+03  0.280589E+04  0.506456E+03  0.274986E+04  0.473986E+03  0.576673E+03  0.610279E+03  0.513506E+03  0.272032E-01
 0.983116E+02  0.156978E+04  0.346137E+03  0.153196E+04  0.321927E+03  0.471096E+03  0.508167E+03  0.437518E+03  0.407037E-01
 0.847579E+02  0.844611E+03  0.227165E+03  0.820336E+03  0.209924E+03  0.379030E+03  0.419780E+03  0.372551E+03  0.597929E-01
 0.725219E+02  0.436690E+03  0.142543E+03  0.421732E+03  0.130834E+03  0.301380E+03  0.346378E+03  0.317962E+03  0.860946E-01
 0.616753E+02  0.216840E+03  0.851112E+02  0.208162E+03  0.775933E+02  0.237244E+03  0.287108E+03  0.272160E+03  0.120701E+00
 0.521466E+02  0.103164E+03  0.481020E+02  0.984388E+02  0.436501E+02  0.183920E+03  0.238994E+03  0.233543E+03  0.164748E+00
 0.438458E+02  0.469271E+02  0.255820E+02  0.445099E+02  0.231740E+02  0.139438E+03  0.199125E+03  0.200567E+03  0.217868E+00
 0.369830E+02  0.211941E+02  0.131701E+02  0.200044E+02  0.119426E+02  0.104655E+03  0.167471E+03  0.173391E+03  0.275377E+00
 0.315071E+02  0.984397E+01  0.678020E+01  0.925284E+01  0.616179E+01  0.791266E+02  0.143744E+03  0.151937E+03  0.331635E+00
 0.270704E+02  0.466957E+01  0.349057E+01  0.437115E+01  0.317902E+01  0.605187E+02  0.126176E+03  0.135003E+03  0.384811E+00
 0.233970E+02  0.224002E+01  0.179701E+01  0.208950E+01  0.163957E+01  0.467870E+02  0.113393E+03  0.121652E+03  0.436349E+00
 0.203317E+02  0.108336E+01  0.925133E+00  0.100774E+01  0.844896E+00  0.365550E+02  0.104562E+03  0.111517E+03  0.486668E+00
 0.177910E+02  0.531404E+00  0.476276E+00  0.492845E+00  0.435006E+00  0.289079E+02  0.988478E+02  0.104383E+03  0.531279E+00
 0.156578E+02  0.263836E+00  0.245196E+00  0.244033E+00  0.223899E+00  0.230490E+02  0.952305E+02  0.994170E+02  0.568176E+00
 0.138387E+02  0.131856E+00  0.126231E+00  0.121720E+00  0.115239E+00  0.184509E+02  0.930729E+02  0.959066E+02  0.599045E+00
 0.122546E+02  0.669371E-01  0.649861E-01  0.628877E-01  0.610607E-01  0.147602E+02  0.902005E+02  0.916711E+02  0.614856E+00

 0.362626E+03  0.259640E+06  0.428728E+04  0.249693E+06  0.428720E+04  0.149254E+04  0.179289E+04  0.164242E+05 -0.183742E-01
 0.256425E+03  0.760093E+05  0.367899E+04  0.947900E+05  0.174616E+05  0.134008E+04  0.137217E+04  0.140363E+04  0.385361E-01
 0.233041E+03  0.527527E+05  0.310596E+04  0.545431E+05  0.453990E+04  0.126950E+04  0.127818E+04  0.114511E+04  0.129146E-01
 0.216511E+03  0.392725E+05  0.257529E+04  0.391615E+05  0.259622E+04  0.120685E+04  0.121871E+04  0.103061E+04  0.416325E-02
 0.199452E+03  0.281160E+05  0.209309E+04  0.279305E+05  0.200356E+04  0.112999E+04  0.114586E+04  0.962508E+03  0.337328E-02
 0.181690E+03  0.192782E+05  0.166401E+04  0.191229E+05  0.158761E+04  0.103644E+04  0.105589E+04  0.882338E+03  0.481406E-02
 0.163805E+03  0.126746E+05  0.129095E+04  0.125467E+05  0.122820E+04  0.928988E+03  0.951956E+03  0.790065E+03  0.744389E-02
 0.146235E+03  0.799628E+04  0.974794E+03  0.789607E+04  0.923616E+03  0.812489E+03  0.839032E+03  0.693897E+03  0.115384E-01
 0.129319E+03  0.484421E+04  0.714363E+03  0.476961E+04  0.673844E+03  0.693251E+03  0.723349E+03  0.600464E+03  0.177597E-01
 0.113330E+03  0.282026E+04  0.506456E+03  0.276708E+04  0.475387E+03  0.577935E+03  0.611512E+03  0.514393E+03  0.270137E-01
 0.984856E+02  0.157917E+04  0.346137E+03  0.154293E+04  0.323119E+03  0.472311E+03  0.509360E+03  0.438360E+03  0.404243E-01
 0.849305E+02  0.850503E+03  0.227165E+03  0.826981E+03  0.210898E+03  0.380166E+03  0.420898E+03  0.373337E+03  0.593896E-01
 0.726811E+02  0.440092E+03  0.142543E+03  0.425421E+03  0.131580E+03  0.302353E+03  0.347342E+03  0.318698E+03  0.855953E-01
 0.618140E+02  0.218631E+03  0.851112E+02  0.210045E+03  0.781036E+02  0.238039E+03  0.287903E+03  0.272818E+03  0.120141E+00
 0.522617E+02  0.104012E+03  0.481020E+02  0.993251E+02  0.439646E+02  0.184551E+03  0.239644E+03  0.234118E+03  0.164190E+00
 0.439336E+02  0.472779E+02  0.255820E+02  0.448913E+02  0.233485E+02  0.139897E+03  0.199645E+03  0.201061E+03  0.217420E+00
 0.370472E+02  0.213264E+02  0.131701E+02  0.201632E+02  0.120323E+02  0.104968E+03  0.167883E+03  0.173801E+03  0.275103E+00
 0.315519E+02  0.989155E+01  0.678020E+01  0.932022E+01  0.620662E+01  0.793247E+02  0.144072E+03  0.152275E+03  0.331553E+00
 0.271013E+02  0.468594E+01  0.349057E+01  0.440047E+01  0.320102E+01  0.606407E+02  0.126444E+03  0.135283E+03  0.384880E+00
 0.234190E+02  0.224535E+01  0.179701E+01  0.210258E+01  0.165030E+01  0.468644E+02  0.113622E+03  0.121890E+03  0.436508E+00
 0.203472E+02  0.108497E+01  0.925133E+00  0.101373E+01  0.850152E+00  0.366040E+02  0.104767E+03  0.111727E+03  0.486868E+00
 0.178023E+02  0.531852E+00  0.476276E+00  0.495668E+00  0.437601E+00  0.289405E+02  0.990378E+02  0.104575E+03  0.531478E+00
 0.156665E+02  0.263943E+00  0.245196E+00  0.245398E+00  0.225194E+00  0.230719E+02  0.954119E+02  0.995991E+02  0.568351E+00
 0.138456E+02  0.131872E+00  0.126231E+00  0.122392E+00  0.115890E+00  0.184677E+02  0.932488E+02  0.960823E+02  0.599180E+00
 0.122603E+02  0.669306E-01  0.649861E-01  0.632279E-01  0.613951E-01  0.147729E+02  0.903726E+02  0.918433E+02  0.614967E+00

 0.362630E+03  0.259660E+06  0.428728E+04  0.249714E+06  0.428720E+04  0.149254E+04  0.179286E+04  0.164242E+05 -0.183697E-01
 0.256453E+03  0.760427E+05  0.367899E+04  0.948245E+05  0.174592E+05  0.134015E+04  0.137221E+04  0.140365E+04  0.385192E-01
 0.233092E+03  0.527946E+05  0.310596E+04  0.545883E+05  0.453851E+04  0.126968E+04  0.127834E+04  0.114516E+04  0.128945E-01
 0.216576E+03  0.393134E+05  0.257529E+04  0.392085E+05  0.259610E+04  0.120712E+04  0.121897E+04  0.103080E+04  0.414683E-02
 0.199526E+03  0.281518E+05  0.209309E+04  0.279725E+05  0.200412E+04  0.113036E+04  0.114620E+04  0.962822E+03  0.335788E-02
 0.181773E+03  0.193079E+05  0.166401E+04  0.191581E+05  0.158837E+04  0.103691E+04  0.105633E+04  0.882725E+03  0.479306E-02
 0.163896E+03  0.126982E+05  0.129095E+04  0.125749E+05  0.122903E+04  0.929565E+03  0.952507E+03  0.790515E+03  0.741146E-02
 0.146334E+03  0.801412E+04  0.974794E+03  0.791765E+04  0.924479E+03  0.813167E+03  0.839683E+03  0.694398E+03  0.114870E-01
 0.129424E+03  0.485714E+04  0.714363E+03  0.478526E+04  0.674709E+03  0.694004E+03  0.724076E+03  0.600998E+03  0.176793E-01
 0.113439E+03  0.282922E+04  0.506456E+03  0.277781E+04  0.476203E+03  0.578719E+03  0.612274E+03  0.514935E+03  0.268910E-01
 0.985959E+02  0.158514E+04  0.346137E+03  0.154990E+04  0.323836E+03  0.473081E+03  0.510114E+03  0.438884E+03  0.402398E-01
 0.850415E+02  0.854332E+03  0.227165E+03  0.831275E+03  0.211500E+03  0.380896E+03  0.421615E+03  0.373835E+03  0.591201E-01
 0.727861E+02  0.442341E+03  0.142543E+03  0.427851E+03  0.132054E+03  0.302996E+03  0.347975E+03  0.319171E+03  0.852503E-01
 0.619066E+02  0.219830E+03  0.851112E+02  0.211302E+03  0.784355E+02  0.238570E+03  0.288431E+03  0.273250E+03  0.119750E+00
 0.523393E+02  0.104585E+03  0.481020E+02  0.999206E+02  0.441724E+02  0.184975E+03  0.240079E+03  0.234501E+03  0.163797E+00
 0.439931E+02  0.475167E+02  0.255820E+02  0.451489E+02  0.234651E+02  0.140208E+03  0.199995E+03  0.201392E+03  0.217099E+00
 0.370908E+02  0.214167E+02  0.131701E+02  0.202707E+02  0.120926E+02  0.105181E+03  0.168160E+03  0.174076E+03  0.274901E+00
 0.315824E+02  0.992409E+01  0.678020E+01  0.936585E+01  0.623685E+01  0.794596E+02  0.144293E+03  0.152502E+03  0.331483E+00
 0.271223E+02  0.469716E+01  0.349057E+01  0.442033E+01  0.321587E+01  0.607239E+02  0.126625E+03  0.135471E+03  0.384915E+00
 0.234339E+02  0.224899E+01  0.179701E+01  0.211144E+01  0.165756E+01  0.469171E+02  0.113776E+03  0.122050E+03  0.436608E+00
 0.203578E+02  0.108607E+01  0.925133E+00  0.101778E+01  0.853706E+00  0.366373E+02  0.104904E+03  0.111868E+03  0.486997E+00
 0.178101E+02  0.532160E+00  0.476276E+00  0.497579E+00  0.439357E+00  0.289627E+02  0.991657E+02  0.104704E+03  0.531609E+00
 0.156724E+02  0.264017E+00  0.245196E+00  0.246323E+00  0.226070E+00  0.230874E+02  0.955341E+02  0.997217E+02  0.568466E+00
 0.138503E+02  0.131883E+00  0.126231E+00  0.122847E+00  0.116331E+00  0.184790E+02  0.933672E+02  0.962007E+02  0.599269E+00
 0.122642E+02  0.669262E-01  0.649861E-01  0.634582E-01  0.616214E-01  0.147815E+02  0.904884E+02  0.919593E+02  0.615041E+00

 0.362633E+03  0.259672E+06  0.428728E+04  0.249727E+06  0.428720E+04  0.149255E+04  0.179284E+04  0.164242E+05 -0.183671E-01
 0.256469E+03  0.760624E+05  0.367899E+04  0.948449E+05  0.174578E+05  0.134019E+04  0.137223E+04  0.140366E+04  0.385093E-01
 0.233121E+03  0.528192E+05  0.310596E+04  0.546147E+05  0.453772E+04  0.126978E+04  0.127843E+04  0.114520E+04  0.128828E-01
 0.216614E+03  0.393373E+05  0.257529E+04  0.392359E+05  0.259604E+04  0.120728E+04  0.121912E+04  0.103092E+04  0.413739E-02
 0.199569E+03  0.281726E+05  0.209309E+04  0.279969E+05  0.200444E+04  0.113057E+04  0.114640E+04  0.963006E+03  0.334917E-02
 0.181821E+03  0.193252E+05  0.166401E+04  0.191787E+05  0.158877E+04  0.103718E+04  0.105659E+04  0.882950E+03  0.478087E-02
 0.163950E+03  0.127121E+05  0.129095E+04  0.125916E+05  0.122947E+04  0.929904E+03  0.952830E+03  0.790778E+03  0.739206E-02
 0.146393E+03  0.802484E+04  0.974794E+03  0.793058E+04  0.924953E+03  0.813572E+03  0.840070E+03  0.694695E+03  0.114555E-01
 0.129487E+03  0.486503E+04  0.714363E+03  0.479480E+04  0.675198E+03  0.694461E+03  0.724516E+03  0.601318E+03  0.176289E-01
 0.113506E+03  0.283478E+04  0.506456E+03  0.278446E+04  0.476678E+03  0.579203E+03  0.612744E+03  0.515266E+03  0.268123E-01
 0.986655E+02  0.158891E+04  0.346137E+03  0.155430E+04  0.324267E+03  0.473568E+03  0.510587E+03  0.439210E+03  0.401194E-01
 0.851121E+02  0.856789E+03  0.227165E+03  0.834024E+03  0.211870E+03  0.381362E+03  0.422070E+03  0.374150E+03  0.589428E-01
 0.728547E+02  0.443815E+03  0.142543E+03  0.429436E+03  0.132351E+03  0.303416E+03  0.348386E+03  0.319473E+03  0.850147E-01
 0.619679E+02  0.220627E+03  0.851112E+02  0.212131E+03  0.786494E+02  0.238922E+03  0.288780E+03  0.273533E+03  0.119480E+00
 0.523912E+02  0.104969E+03  0.481020E+02  0.100317E+03  0.443085E+02  0.185259E+03  0.240369E+03  0.234754E+03  0.163523E+00
 0.440331E+02  0.476775E+02  0.255820E+02  0.453212E+02  0.235422E+02  0.140417E+03  0.200229E+03  0.201613E+03  0.216873E+00
 0.371202E+02  0.214778E+02  0.131701E+02  0.203428E+02  0.121327E+02  0.105324E+03  0.168346E+03  0.174261E+03  0.274755E+00
 0.316029E+02  0.994613E+01  0.678020E+01  0.939648E+01  0.625704E+01  0.795508E+02  0.144441E+03  0.152654E+03  0.331428E+00
 0.271365E+02  0.470476E+01  0.349057E+01  0.443366E+01  0.322582E+01  0.607801E+02  0.126746E+03  0.135597E+03  0.384932E+00
 0.234441E+02  0.225147E+01  0.179701E+01  0.211739E+01  0.166242E+01  0.469528E+02  0.113879E+03  0.122157E+03  0.436670E+00
 0.203649E+02  0.108681E+01  0.925133E+00  0.102050E+01  0.856090E+00  0.366598E+02  0.104996E+03  0.111962E+03  0.487080E+00
 0.178153E+02  0.532368E+00  0.476276E+00  0.498861E+00  0.440535E+00  0.289776E+02  0.992513E+02  0.104791E+03  0.531694E+00
 0.156764E+02  0.264068E+00  0.245196E+00  0.246943E+00  0.226657E+00  0.230979E+02  0.956157E+02  0.998037E+02  0.568542E+00
 0.138535E+02  0.131891E+00  0.126231E+00  0.123152E+00  0.116626E+00  0.184867E+02  0.934464E+02  0.962798E+02  0.599329E+00
 0.122667E+02  0.669233E-01  0.649861E-01  0.636127E-01  0.617731E-01  0.147872E+02  0.905658E+02  0.920368E+02  0.615090E+00

 0.362634E+03  0.259679E+06  0.428728E+04  0.249734E+06  0.428720E+04  0.149255E+04  0.179283E+04  0.164242E+05 -0.183656E-01
 0.256478E+03  0.760738E+05  0.367899E+04  0.948566E+05  0.174570E+05  0.134022E+04  0.137224E+04  0.140367E+04  0.385036E-01
 0.233138E+03  0.528333E+05  0.310596E+04  0.546299E+05  0.453726E+04  0.126984E+04  0.127848E+04  0.114522E+04  0.128760E-01
 0.216636E+03  0.393509E+05  0.257529E+04  0.392516E+05  0.259602E+04  0.120737E+04  0.121921E+04  0.103098E+04  0.413201E-02
 0.199594E+03  0.281845E+05  0.209309E+04  0.280109E+05  0.200462E+04  0.113069E+04  0.114652E+04  0.963114E+03  0.334432E-02
 0.181849E+03  0.193351E+05  0.166401E+04  0.191905E+05  0.158898E+04  0.103734E+04  0.105674E+04  0.883081E+03  0.477405E-02
 0.163981E+03  0.127202E+05  0.129095E+04  0.126013E+05  0.122969E+04  0.930101E+03  0.953017E+03  0.790929E+03  0.738042E-02
 0.146428E+03  0.803127E+04  0.974794E+03  0.793832E+04  0.925202E+03  0.813814E+03  0.840301E+03  0.694869E+03  0.114357E-01
 0.129526E+03  0.486983E+04  0.714363E+03  0.480060E+04  0.675472E+03  0.694738E+03  0.724782E+03  0.601511E+03  0.175973E-01
 0.113547E+03  0.283822E+04  0.506456E+03  0.278858E+04  0.476953E+03  0.579502E+03  0.613032E+03  0.515467E+03  0.267622E-01
 0.987091E+02  0.159127E+04  0.346137E+03  0.155706E+04  0.324525E+03  0.473872E+03  0.510883E+03  0.439412E+03  0.400416E-01
 0.851569E+02  0.858351E+03  0.227165E+03  0.835773E+03  0.212096E+03  0.381657E+03  0.422358E+03  0.374347E+03  0.588266E-01
 0.728993E+02  0.444771E+03  0.142543E+03  0.430462E+03  0.132536E+03  0.303689E+03  0.348652E+03  0.319665E+03  0.848561E-01
 0.620083E+02  0.221151E+03  0.851112E+02  0.212675E+03  0.787862E+02  0.239153E+03  0.289008E+03  0.273715E+03  0.119296E+00
 0.524255E+02  0.105224E+03  0.481020E+02  0.100579E+03  0.443969E+02  0.185448E+03  0.240560E+03  0.234920E+03  0.163334E+00
 0.440597E+02  0.477850E+02  0.255820E+02  0.454354E+02  0.235928E+02  0.140557E+03  0.200384E+03  0.201758E+03  0.216715E+00
 0.371398E+02  0.215187E+02  0.131701E+02  0.203908E+02  0.121592E+02  0.105420E+03  0.168470E+03  0.174383E+03  0.274652E+00
 0.316167E+02  0.996093E+01  0.678020E+01  0.941687E+01  0.627043E+01  0.796120E+02  0.144540E+03  0.152755E+03  0.331385E+00
 0.271460E+02  0.470986E+01  0.349057E+01  0.444254E+01  0.323242E+01  0.608178E+02  0.126826E+03  0.135681E+03  0.384940E+00
 0.234508E+02  0.225313E+01  0.179701E+01  0.212135E+01  0.166565E+01  0.469767E+02  0.113948E+03  0.122228E+03  0.436708E+00
 0.203697E+02  0.108732E+01  0.925133E+00  0.102231E+01  0.857675E+00  0.366749E+02  0.105057E+03  0.112025E+03  0.487133E+00
 0.178188E+02  0.532509E+00  0.476276E+00  0.499714E+00  0.441319E+00  0.289876E+02  0.993080E+02  0.104848E+03  0.531750E+00
 0.156790E+02  0.264102E+00  0.245196E+00  0.247356E+00  0.227048E+00  0.231049E+02  0.956698E+02  0.998580E+02  0.568592E+00
 0.138556E+02  0.131896E+00  0.126231E+00  0.123356E+00  0.116823E+00  0.184918E+02  0.934989E+02  0.963323E+02  0.599367E+00
 0.122685E+02  0.669213E-01  0.649861E-01  0.637155E-01  0.618741E-01  0.147911E+02  0.906171E+02  0.920882E+02  0.615123E+00

 0.362635E+03  0.259684E+06  0.428728E+04  0.249738E+06  0.428720E+04  0.149255E+04  0.179282E+04  0.164242E+05 -0.183647E-01
 0.256484E+03  0.760806E+05  0.367899E+04  0.948636E+05  0.174566E+05  0.134023E+04  0.137225E+04  0.140368E+04  0.385001E-01
 0.233148E+03  0.528418E+05  0.310596E+04  0.546390E+05  0.453700E+04  0.126987E+04  0.127851E+04  0.114523E+04  0.128721E-01
 0.216649E+03  0.393591E+05  0.257529E+04  0.392609E+05  0.259600E+04  0.120742E+04  0.121926E+04  0.103102E+04  0.412886E-02
 0.199608E+03  0.281916E+05  0.209309E+04  0.280191E+05  0.200473E+04  0.113076E+04  0.114658E+04  0.963179E+03  0.334149E-02
 0.181865E+03  0.193411E+05  0.166401E+04  0.191975E+05  0.158910E+04  0.103743E+04  0.105682E+04  0.883158E+03  0.477001E-02
 0.163999E+03  0.127250E+05  0.129095E+04  0.126071E+05  0.122981E+04  0.930219E+03  0.953127E+03  0.791019E+03  0.737350E-02
 0.146449E+03  0.803513E+04  0.974794E+03  0.794296E+04  0.925342E+03  0.813959E+03  0.840438E+03  0.694972E+03  0.114238E-01
 0.129549E+03  0.487275E+04  0.714363E+03  0.480412E+04  0.675628E+03  0.694906E+03  0.724943E+03  0.601627E+03  0.175777E-01
 0.113573E+03  0.284033E+04  0.506456E+03  0.279111E+04  0.477114E+03  0.579686E+03  0.613209E+03  0.515590E+03  0.267307E-01
 0.987363E+02  0.159275E+04  0.346137E+03  0.155879E+04  0.324679E+03  0.474063E+03  0.511067E+03  0.439537E+03  0.399917E-01
 0.851853E+02  0.859339E+03  0.227165E+03  0.836881E+03  0.212234E+03  0.381844E+03  0.422539E+03  0.374471E+03  0.587510E-01
 0.729280E+02  0.445388E+03  0.142543E+03  0.431122E+03  0.132652E+03  0.303865E+03  0.348822E+03  0.319786E+03  0.847506E-01
 0.620347E+02  0.221494E+03  0.851112E+02  0.213029E+03  0.788733E+02  0.239305E+03  0.289156E+03  0.273833E+03  0.119172E+00
 0.524482E+02  0.105392E+03  0.481020E+02  0.100750E+03  0.444541E+02  0.185572E+03  0.240685E+03  0.235028E+03  0.163206E+00
 0.440774E+02  0.478562E+02  0.255820E+02  0.455107E+02  0.236259E+02  0.140649E+03  0.200486E+03  0.201853E+03  0.216607E+00
 0.371529E+02  0.215459E+02  0.131701E+02  0.204224E+02  0.121766E+02  0.105484E+03  0.168551E+03  0.174463E+03  0.274579E+00
 0.316259E+02  0.997077E+01  0.678020E+01  0.943033E+01  0.627923E+01  0.796526E+02  0.144604E+03  0.152822E+03  0.331354E+00
 0.271523E+02  0.471326E+01  0.349057E+01  0.444841E+01  0.323677E+01  0.608429E+02  0.126879E+03  0.135737E+03  0.384942E+00
 0.234553E+02  0.225424E+01  0.179701E+01  0.212396E+01  0.166778E+01  0.469925E+02  0.113993E+03  0.122275E+03  0.436731E+00
 0.203728E+02  0.108765E+01  0.925133E+00  0.102351E+01  0.858721E+00  0.366849E+02  0.105098E+03  0.112066E+03  0.487167E+00
 0.178211E+02  0.532603E+00  0.476276E+00  0.500278E+00  0.441836E+00  0.289943E+02  0.993454E+02  0.104886E+03  0.531785E+00
 0.156808E+02  0.264124E+00  0.245196E+00  0.247628E+00  0.227307E+00  0.231095E+02  0.957055E+02  0.998939E+02  0.568624E+00
 0.138570E+02  0.131899E+00  0.126231E+00  0.123490E+00  0.116953E+00  0.184952E+02  0.935334E+02  0.963668E+02  0.599393E+00
 0.122696E+02  0.669201E-01  0.649861E-01  0.637834E-01  0.619409E-01  0.147936E+02  0.906510E+02  0.921220E+02  0.615144E+00

 0.362636E+03  0.259686E+06  0.428728E+04  0.249741E+06  0.428720E+04  0.149255E+04  0.179282E+04  0.164242E+05 -0.183641E-01
 0.256487E+03  0.760847E+05  0.367899E+04  0.948678E+05  0.174563E+05  0.134024E+04  0.137225E+04  0.140368E+04  0.384981E-01
 0.233154E+03  0.528468E+05  0.310596E+04  0.546444E+05  0.453685E+04  0.126989E+04  0.127853E+04  0.114524E+04  0.128697E-01
 0.216657E+03  0.393640E+05  0.257529E+04  0.392664E+05  0.259600E+04  0.120745E+04  0.121929E+04  0.103105E+04  0.412699E-02
 0.199617E+03  0.281958E+05  0.209309E+04  0.280241E+05  0.200479E+04  0.113080E+04  0.114662E+04  0.963217E+03  0.333982E-02
 0.181875E+03  0.193446E+05  0.166401E+04  0.192017E+05  0.158917E+04  0.103748E+04  0.105688E+04  0.883204E+03  0.476762E-02
 0.164010E+03  0.127280E+05  0.129095E+04  0.126106E+05  0.122988E+04  0.930289E+03  0.953193E+03  0.791073E+03  0.736938E-02
 0.146462E+03  0.803744E+04  0.974794E+03  0.794574E+04  0.925422E+03  0.814046E+03  0.840520E+03  0.695035E+03  0.114167E-01
 0.129564E+03  0.487451E+04  0.714363E+03  0.480626E+04  0.675717E+03  0.695008E+03  0.725039E+03  0.601697E+03  0.175657E-01
 0.113588E+03  0.284162E+04  0.506456E+03  0.279267E+04  0.477207E+03  0.579799E+03  0.613317E+03  0.515664E+03  0.267109E-01
 0.987532E+02  0.159367E+04  0.346137E+03  0.155986E+04  0.324771E+03  0.474181E+03  0.511181E+03  0.439613E+03  0.399600E-01
 0.852031E+02  0.859960E+03  0.227165E+03  0.837578E+03  0.212318E+03  0.381961E+03  0.422652E+03  0.374547E+03  0.587021E-01
 0.729463E+02  0.445782E+03  0.142543E+03  0.431543E+03  0.132724E+03  0.303977E+03  0.348931E+03  0.319862E+03  0.846811E-01
 0.620517E+02  0.221716E+03  0.851112E+02  0.213257E+03  0.789284E+02  0.239403E+03  0.289252E+03  0.273907E+03  0.119089E+00
 0.524630E+02  0.105502E+03  0.481020E+02  0.100862E+03  0.444907E+02  0.185653E+03  0.240766E+03  0.235097E+03  0.163119E+00
 0.440890E+02  0.479030E+02  0.255820E+02  0.455598E+02  0.236472E+02  0.140710E+03  0.200553E+03  0.201915E+03  0.216534E+00
 0.371615E+02  0.215639E+02  0.131701E+02  0.204431E+02  0.121879E+02  0.105526E+03  0.168605E+03  0.174516E+03  0.274529E+00
 0.316320E+02  0.997728E+01  0.678020E+01  0.943916E+01  0.628499E+01  0.796794E+02  0.144647E+03  0.152865E+03  0.331332E+00
 0.271565E+02  0.471551E+01  0.349057E+01  0.445225E+01  0.323962E+01  0.608594E+02  0.126914E+03  0.135773E+03  0.384942E+00
 0.234583E+02  0.225498E+01  0.179701E+01  0.212568E+01  0.166918E+01  0.470030E+02  0.114023E+03  0.122306E+03  0.436745E+00
 0.203749E+02  0.108787E+01  0.925133E+00  0.102429E+01  0.859407E+00  0.366915E+02  0.105124E+03  0.112093E+03  0.487188E+00
 0.178226E+02  0.532665E+00  0.476276E+00  0.500648E+00  0.442175E+00  0.289987E+02  0.993698E+02  0.104911E+03  0.531808E+00
 0.156820E+02  0.264139E+00  0.245196E+00  0.247807E+00  0.227476E+00  0.231126E+02  0.957288E+02  0.999173E+02  0.568644E+00
 0.138579E+02  0.131902E+00  0.126231E+00  0.123578E+00  0.117038E+00  0.184974E+02  0.935560E+02  0.963894E+02  0.599409E+00
 0.122704E+02  0.669192E-01  0.649861E-01  0.638279E-01  0.619846E-01  0.147953E+02  0.906731E+02  0.921441E+02  0.615157E+00

 0.362636E+03  0.259688E+06  0.428728E+04  0.249743E+06  0.428720E+04  0.149255E+04  0.179281E+04  0.164242E+05 -0.183638E-01
 0.256490E+03  0.760872E+05  0.367899E+04  0.948704E+05  0.174561E+05  0.134024E+04  0.137226E+04  0.140368E+04  0.384969E-01
 0.233157E+03  0.528499E+05  0.310596E+04  0.546476E+05  0.453676E+04  0.126990E+04  0.127854E+04  0.114524E+04  0.128683E-01
 0.216662E+03  0.393669E+05  0.257529E+04  0.392697E+05  0.259599E+04  0.120747E+04  0.121931E+04  0.103106E+04  0.412589E-02
 0.199622E+03  0.281984E+05  0.209309E+04  0.280270E+05  0.200482E+04  0.113082E+04  0.114665E+04  0.963240E+03  0.333884E-02
 0.181880E+03  0.193467E+05  0.166401E+04  0.192042E+05  0.158921E+04  0.103752E+04  0.105691E+04  0.883232E+03  0.476619E-02
 0.164017E+03  0.127297E+05  0.129095E+04  0.126127E+05  0.122993E+04  0.930330E+03  0.953232E+03  0.791106E+03  0.736692E-02
 0.146469E+03  0.803883E+04  0.974794E+03  0.794741E+04  0.925467E+03  0.814098E+03  0.840569E+03  0.695072E+03  0.114124E-01
 0.129572E+03  0.487558E+04  0.714363E+03  0.480755E+04  0.675767E+03  0.695069E+03  0.725097E+03  0.601739E+03  0.175584E-01
 0.113598E+03  0.284241E+04  0.506456E+03  0.279362E+04  0.477261E+03  0.579867E+03  0.613382E+03  0.515709E+03  0.266986E-01
 0.987636E+02  0.159423E+04  0.346137E+03  0.156053E+04  0.324825E+03  0.474253E+03  0.511251E+03  0.439660E+03  0.399400E-01
 0.852143E+02  0.860349E+03  0.227165E+03  0.838016E+03  0.212369E+03  0.382035E+03  0.422723E+03  0.374594E+03  0.586708E-01
 0.729580E+02  0.446033E+03  0.142543E+03  0.431811E+03  0.132768E+03  0.304049E+03  0.349000E+03  0.319910E+03  0.846358E-01
 0.620627E+02  0.221858E+03  0.851112E+02  0.213403E+03  0.789630E+02  0.239466E+03  0.289313E+03  0.273955E+03  0.119034E+00
 0.524726E+02  0.105573E+03  0.481020E+02  0.100934E+03  0.445141E+02  0.185706E+03  0.240819E+03  0.235142E+03  0.163062E+00
 0.440966E+02  0.479335E+02  0.255820E+02  0.455917E+02  0.236610E+02  0.140750E+03  0.200596E+03  0.201955E+03  0.216484E+00
 0.371671E+02  0.215756E+02  0.131701E+02  0.204566E+02  0.121953E+02  0.105554E+03  0.168639E+03  0.174550E+03  0.274495E+00
 0.316359E+02  0.998154E+01  0.678020E+01  0.944490E+01  0.628872E+01  0.796970E+02  0.144675E+03  0.152894E+03  0.331316E+00
 0.271593E+02  0.471699E+01  0.349057E+01  0.445476E+01  0.324147E+01  0.608702E+02  0.126937E+03  0.135796E+03  0.384941E+00
 0.234602E+02  0.225546E+01  0.179701E+01  0.212680E+01  0.167009E+01  0.470099E+02  0.114042E+03  0.122326E+03  0.436754E+00
 0.203763E+02  0.108802E+01  0.925133E+00  0.102480E+01  0.859853E+00  0.366958E+02  0.105141E+03  0.112110E+03  0.487202E+00
 0.178236E+02  0.532706E+00  0.476276E+00  0.500889E+00  0.442396E+00  0.290015E+02  0.993857E+02  0.104927E+03  0.531823E+00
 0.156827E+02  0.264149E+00  0.245196E+00  0.247924E+00  0.227586E+00  0.231146E+02  0.957440E+02  0.999325E+02  0.568658E+00
 0.138585E+02  0.131903E+00  0.126231E+00  0.123635E+00  0.117093E+00  0.184989E+02  0.935707E+02  0.964041E+02  0.599420E+00
 0.122709E+02  0.669187E-01  0.649861E-01  0.638569E-01  0.620131E-01  0.147964E+02  0.906874E+02  0.921585E+02  0.615166E+00

 0.362636E+03  0.259689E+06  0.428728E+04  0.249744E+06  0.428720E+04  0.149255E+04  0.179281E+04  0.164242E+05 -0.183636E-01
 0.256491E+03  0.760886E+05  0.367899E+04  0.948719E+05  0.174560E+05  0.134025E+04  0.137226E+04  0.140368E+04  0.384961E-01
 0.233160E+03  0.528517E+05  0.310596E+04  0.546495E+05  0.453670E+04  0.126991E+04  0.127855E+04  0.114524E+04  0.128675E-01
 0.216664E+03  0.393686E+05  0.257529E+04  0.392717E+05  0.259599E+04  0.120749E+04  0.121932E+04  0.103107E+04  0.412523E-02
 0.199625E+03  0.281999E+05  0.209309E+04  0.280287E+05  0.200485E+04  0.113084E+04  0.114666E+04  0.963254E+03  0.333825E-02
 0.181884E+03  0.193480E+05  0.166401E+04  0.192056E+05  0.158924E+04  0.103754E+04  0.105692E+04  0.883249E+03  0.476535E-02
 0.164021E+03  0.127307E+05  0.129095E+04  0.126139E+05  0.122995E+04  0.930355E+03  0.953255E+03  0.791125E+03  0.736546E-02
 0.146474E+03  0.803967E+04  0.974794E+03  0.794841E+04  0.925493E+03  0.814129E+03  0.840598E+03  0.695094E+03  0.114098E-01
 0.129577E+03  0.487622E+04  0.714363E+03  0.480833E+04  0.675797E+03  0.695106E+03  0.725132E+03  0.601764E+03  0.175539E-01
 0.113604E+03  0.284289E+04  0.506456E+03  0.279419E+04  0.477292E+03  0.579909E+03  0.613422E+03  0.515736E+03  0.266911E-01
 0.987700E+02  0.159458E+04  0.346137E+03  0.156093E+04  0.324857E+03  0.474298E+03  0.511294E+03  0.439688E+03  0.399274E-01
 0.852212E+02  0.860592E+03  0.227165E+03  0.838288E+03  0.212399E+03  0.382081E+03  0.422767E+03  0.374623E+03  0.586508E-01
 0.729654E+02  0.446191E+03  0.142543E+03  0.431979E+03  0.132795E+03  0.304094E+03  0.349043E+03  0.319939E+03  0.846064E-01
 0.620698E+02  0.221950E+03  0.851112E+02  0.213497E+03  0.789847E+02  0.239506E+03  0.289353E+03  0.273985E+03  0.118998E+00
 0.524788E+02  0.105619E+03  0.481020E+02  0.100980E+03  0.445289E+02  0.185740E+03  0.240853E+03  0.235170E+03  0.163024E+00
 0.441015E+02  0.479533E+02  0.255820E+02  0.456122E+02  0.236698E+02  0.140775E+03  0.200624E+03  0.201981E+03  0.216451E+00
 0.371708E+02  0.215832E+02  0.131701E+02  0.204653E+02  0.122000E+02  0.105571E+03  0.168662E+03  0.174572E+03  0.274473E+00
 0.316385E+02  0.998431E+01  0.678020E+01  0.944862E+01  0.629112E+01  0.797085E+02  0.144693E+03  0.152912E+03  0.331305E+00
 0.271610E+02  0.471795E+01  0.349057E+01  0.445638E+01  0.324266E+01  0.608773E+02  0.126951E+03  0.135811E+03  0.384940E+00
 0.234615E+02  0.225577E+01  0.179701E+01  0.212752E+01  0.167067E+01  0.470144E+02  0.114054E+03  0.122339E+03  0.436759E+00
 0.203772E+02  0.108811E+01  0.925133E+00  0.102513E+01  0.860142E+00  0.366986E+02  0.105152E+03  0.112122E+03  0.487210E+00
 0.178243E+02  0.532732E+00  0.476276E+00  0.501044E+00  0.442539E+00  0.290034E+02  0.993960E+02  0.104938E+03  0.531832E+00
 0.156832E+02  0.264156E+00  0.245196E+00  0.247999E+00  0.227657E+00  0.231159E+02  0.957538E+02  0.999423E+02  0.568666E+00
 0.138589E+02  0.131904E+00  0.126231E+00  0.123672E+00  0.117129E+00  0.184998E+02  0.935802E+02  0.964136E+02  0.599426E+00
 0.122712E+02  0.669183E-01  0.649861E-01  0.638757E-01  0.620315E-01  0.147971E+02  0.906967E+02  0.921678E+02  0.615172E+00

 0.362636E+03  0.259689E+06  0.428728E+04  0.249744E+06  0.428720E+04  0.149255E+04  0.179281E+04  0.164242E+05 -0.183635E-01
 0.256491E+03  0.760895E+05  0.367899E+04  0.948728E+05  0.174560E+05  0.134025E+04  0.137226E+04  0.140368E+04  0.384957E-01
 0.233161E+03  0.528528E+05  0.310596E+04  0.546507E+05  0.453667E+04  0.126992E+04  0.127855E+04  0.114525E+04  0.128670E-01
 0.216666E+03  0.393697E+05  0.257529E+04  0.392729E+05  0.259599E+04  0.120749E+04  0.121932E+04  0.103107E+04  0.412483E-02
 0.199627E+03  0.282008E+05  0.209309E+04  0.280298E+05  0.200486E+04  0.113085E+04  0.114667E+04  0.963262E+03  0.333790E-02
 0.181886E+03  0.193488E+05  0.166401E+04  0.192065E+05  0.158925E+04  0.103755E+04  0.105694E+04  0.883259E+03  0.476484E-02
 0.164023E+03  0.127314E+05  0.129095E+04  0.126146E+05  0.122996E+04  0.930370E+03  0.953269E+03  0.791137E+03  0.736459E-02
 0.146476E+03  0.804016E+04  0.974794E+03  0.794901E+04  0.925508E+03  0.814147E+03  0.840616E+03  0.695108E+03  0.114082E-01
 0.129580E+03  0.487661E+04  0.714363E+03  0.480879E+04  0.675814E+03  0.695128E+03  0.725153E+03  0.601779E+03  0.175512E-01
 0.113607E+03  0.284318E+04  0.506456E+03  0.279454E+04  0.477311E+03  0.579934E+03  0.613446E+03  0.515753E+03  0.266864E-01
 0.987739E+02  0.159479E+04  0.346137E+03  0.156119E+04  0.324875E+03  0.474326E+03  0.511320E+03  0.439705E+03  0.399196E-01
 0.852255E+02  0.860742E+03  0.227165E+03  0.838458E+03  0.212417E+03  0.382109E+03  0.422795E+03  0.374641E+03  0.586381E-01
 0.729700E+02  0.446291E+03  0.142543E+03  0.432086E+03  0.132812E+03  0.304122E+03  0.349070E+03  0.319958E+03  0.845875E-01
 0.620743E+02  0.222008E+03  0.851112E+02  0.213556E+03  0.789982E+02  0.239532E+03  0.289377E+03  0.274004E+03  0.118974E+00
 0.524828E+02  0.105649E+03  0.481020E+02  0.101010E+03  0.445383E+02  0.185761E+03  0.240874E+03  0.235188E+03  0.162999E+00
 0.441046E+02  0.479661E+02  0.255820E+02  0.456254E+02  0.236754E+02  0.140792E+03  0.200642E+03  0.201997E+03  0.216429E+00
 0.371732E+02  0.215882E+02  0.131701E+02  0.204708E+02  0.122030E+02  0.105583E+03  0.168676E+03  0.174586E+03  0.274457E+00
 0.316402E+02  0.998611E+01  0.678020E+01  0.945101E+01  0.629267E+01  0.797158E+02  0.144704E+03  0.152924E+03  0.331297E+00
 0.271622E+02  0.471857E+01  0.349057E+01  0.445742E+01  0.324343E+01  0.608819E+02  0.126961E+03  0.135821E+03  0.384938E+00
 0.234623E+02  0.225597E+01  0.179701E+01  0.212799E+01  0.167105E+01  0.470173E+02  0.114062E+03  0.122347E+03  0.436762E+00
 0.203778E+02  0.108817E+01  0.925133E+00  0.102535E+01  0.860327E+00  0.367004E+02  0.105159E+03  0.112129E+03  0.487216E+00
 0.178247E+02  0.532749E+00  0.476276E+00  0.501145E+00  0.442630E+00  0.290046E+02  0.994025E+02  0.104944E+03  0.531838E+00
 0.156835E+02  0.264160E+00  0.245196E+00  0.248047E+00  0.227703E+00  0.231167E+02  0.957600E+02  0.999486E+02  0.568672E+00
 0.138591E+02  0.131905E+00  0.126231E+00  0.123696E+00  0.117152E+00  0.185005E+02  0.935863E+02  0.964197E+02  0.599431E+00
 0.122714E+02  0.669181E-01  0.649861E-01  0.638877E-01  0.620434E-01  0.147976E+02  0.907026E+02  0.921737E+02  0.615175E+00

 0.362637E+03  0.259690E+06  0.428728E+04  0.249745E+06  0.428720E+04  0.149255E+04  0.179281E+04  0.164242E+05 -0.183635E-01
 0.256492E+03  0.760900E+05  0.367899E+04  0.948733E+05  0.174559E+05  0.134025E+04  0.137226E+04  0.140368E+04  0.384954E-01
 0.233162E+03  0.528534E+05  0.310596E+04  0.546514E+05  0.453665E+04  0.126992E+04  0.127856E+04  0.114525E+04  0.128667E-01
 0.216667E+03  0.393703E+05  0.257529E+04  0.392736E+05  0.259599E+04  0.120750E+04  0.121933E+04  0.103108E+04  0.412460E-02
 0.199628E+03  0.282013E+05  0.209309E+04  0.280304E+05  0.200487E+04  0.113085E+04  0.114667E+04  0.963267E+03  0.333769E-02
 0.181887E+03  0.193492E+05  0.166401E+04  0.192071E+05  0.158926E+04  0.103755E+04  0.105694E+04  0.883265E+03  0.476454E-02
 0.164024E+03  0.127317E+05  0.129095E+04  0.126151E+05  0.122997E+04  0.930379E+03  0.953278E+03  0.791144E+03  0.736407E-02
 0.146478E+03  0.804046E+04  0.974794E+03  0.794937E+04  0.925517E+03  0.814158E+03  0.840626E+03  0.695116E+03  0.114073E-01
 0.129582E+03  0.487684E+04  0.714363E+03  0.480908E+04  0.675823E+03  0.695141E+03  0.725166E+03  0.601788E+03  0.175496E-01
 0.113609E+03  0.284336E+04  0.506456E+03  0.279476E+04  0.477321E+03  0.579949E+03  0.613460E+03  0.515763E+03  0.266836E-01
 0.987763E+02  0.159492E+04  0.346137E+03  0.156134E+04  0.324887E+03  0.474343E+03  0.511336E+03  0.439716E+03  0.399148E-01
 0.852282E+02  0.860835E+03  0.227165E+03  0.838562E+03  0.212428E+03  0.382127E+03  0.422811E+03  0.374652E+03  0.586301E-01
 0.729730E+02  0.446353E+03  0.142543E+03  0.432152E+03  0.132822E+03  0.304140E+03  0.349087E+03  0.319969E+03  0.845754E-01
 0.620771E+02  0.222045E+03  0.851112E+02  0.213593E+03  0.790066E+02  0.239548E+03  0.289393E+03  0.274016E+03  0.118959E+00
 0.524853E+02  0.105668E+03  0.481020E+02  0.101029E+03  0.445442E+02  0.185775E+03  0.240888E+03  0.235200E+03  0.162982E+00
 0.441067E+02  0.479742E+02  0.255820E+02  0.456338E+02  0.236789E+02  0.140803E+03  0.200653E+03  0.202008E+03  0.216415E+00
 0.371747E+02  0.215913E+02  0.131701E+02  0.204744E+02  0.122049E+02  0.105590E+03  0.168685E+03  0.174595E+03  0.274447E+00
 0.316412E+02  0.998726E+01  0.678020E+01  0.945253E+01  0.629365E+01  0.797206E+02  0.144711E+03  0.152931E+03  0.331292E+00
 0.271629E+02  0.471897E+01  0.349057E+01  0.445809E+01  0.324392E+01  0.608848E+02  0.126967E+03  0.135827E+03  0.384938E+00
 0.234629E+02  0.225610E+01  0.179701E+01  0.212828E+01  0.167129E+01  0.470191E+02  0.114067E+03  0.122352E+03  0.436764E+00
 0.203781E+02  0.108821E+01  0.925133E+00  0.102548E+01  0.860445E+00  0.367016E+02  0.105164E+03  0.112134E+03  0.487219E+00
 0.178250E+02  0.532760E+00  0.476276E+00  0.501209E+00  0.442689E+00  0.290054E+02  0.994067E+02  0.104948E+03  0.531842E+00
 0.156837E+02  0.264163E+00  0.245196E+00  0.248078E+00  0.227732E+00  0.231173E+02  0.957640E+02  0.999527E+02  0.568675E+00
 0.138593E+02  0.131905E+00  0.126231E+00  0.123711E+00  0.117167E+00  0.185009E+02  0.935902E+02  0.964235E+02  0.599433E+00
 0.122715E+02  0.669180E-01  0.649861E-01  0.638954E-01  0.620509E-01  0.147979E+02  0.907064E+02  0.921775E+02  0.615178E+00

 0.362637E+03  0.259690E+06  0.428728E+04  0.249745E+06  0.428720E+04  0.149255E+04  0.179281E+04  0.164242E+05 -0.183634E-01
 0.256492E+03  0.760904E+05  0.367899E+04  0.948737E+05  0.174559E+05  0.134025E+04  0.137226E+04  0.140368E+04  0.384953E-01
 0.233162E+03  0.528538E+05  0.310596E+04  0.546518E+05  0.453664E+04  0.126992E+04  0.127856E+04  0.114525E+04  0.128665E-01
 0.216668E+03  0.393707E+05  0.257529E+04  0.392740E+05  0.259599E+04  0.120750E+04  0.121933E+04  0.103108E+04  0.412446E-02
 0.199629E+03  0.282017E+05  0.209309E+04  0.280308E+05  0.200487E+04  0.113086E+04  0.114668E+04  0.963270E+03  0.333757E-02
 0.181888E+03  0.193495E+05  0.166401E+04  0.192074E+05  0.158926E+04  0.103756E+04  0.105695E+04  0.883268E+03  0.476436E-02
 0.164025E+03  0.127320E+05  0.129095E+04  0.126153E+05  0.122998E+04  0.930384E+03  0.953283E+03  0.791148E+03  0.736376E-02
 0.146479E+03  0.804064E+04  0.974794E+03  0.794958E+04  0.925522E+03  0.814165E+03  0.840632E+03  0.695121E+03  0.114068E-01
 0.129583E+03  0.487698E+04  0.714363E+03  0.480924E+04  0.675829E+03  0.695149E+03  0.725173E+03  0.601794E+03  0.175487E-01
 0.113611E+03  0.284346E+04  0.506456E+03  0.279488E+04  0.477327E+03  0.579959E+03  0.613469E+03  0.515768E+03  0.266819E-01
 0.987778E+02  0.159500E+04  0.346137E+03  0.156143E+04  0.324893E+03  0.474353E+03  0.511345E+03  0.439722E+03  0.399118E-01
 0.852298E+02  0.860892E+03  0.227165E+03  0.838626E+03  0.212435E+03  0.382137E+03  0.422822E+03  0.374659E+03  0.586251E-01
 0.729748E+02  0.446392E+03  0.142543E+03  0.432193E+03  0.132828E+03  0.304151E+03  0.349098E+03  0.319976E+03  0.845678E-01
 0.620789E+02  0.222068E+03  0.851112E+02  0.213617E+03  0.790117E+02  0.239559E+03  0.289403E+03  0.274023E+03  0.118950E+00
 0.524869E+02  0.105680E+03  0.481020E+02  0.101040E+03  0.445478E+02  0.185784E+03  0.240896E+03  0.235207E+03  0.162972E+00
 0.441080E+02  0.479794E+02  0.255820E+02  0.456391E+02  0.236812E+02  0.140809E+03  0.200660E+03  0.202014E+03  0.216406E+00
 0.371757E+02  0.215933E+02  0.131701E+02  0.204767E+02  0.122061E+02  0.105595E+03  0.168691E+03  0.174600E+03  0.274441E+00
 0.316419E+02  0.998800E+01  0.678020E+01  0.945350E+01  0.629427E+01  0.797236E+02  0.144716E+03  0.152936E+03  0.331289E+00
 0.271634E+02  0.471922E+01  0.349057E+01  0.445851E+01  0.324423E+01  0.608867E+02  0.126970E+03  0.135831E+03  0.384937E+00
 0.234632E+02  0.225619E+01  0.179701E+01  0.212847E+01  0.167144E+01  0.470203E+02  0.114070E+03  0.122355E+03  0.436765E+00
 0.203784E+02  0.108824E+01  0.925133E+00  0.102557E+01  0.860520E+00  0.367023E+02  0.105166E+03  0.112137E+03  0.487221E+00
 0.178251E+02  0.532768E+00  0.476276E+00  0.501249E+00  0.442726E+00  0.290059E+02  0.994094E+02  0.104951E+03  0.531844E+00
 0.156839E+02  0.264164E+00  0.245196E+00  0.248098E+00  0.227751E+00  0.231176E+02  0.957666E+02  0.999552E+02  0.568677E+00
 0.138594E+02  0.131906E+00  0.126231E+00  0.123721E+00  0.117176E+00  0.185011E+02  0.935926E+02  0.964260E+02  0.599435E+00
 0.122716E+02  0.669179E-01  0.649861E-01  0.639003E-01  0.620557E-01  0.147981E+02  0.907088E+02  0.921799E+02  0.615179E+00

 0.362637E+03  0.259690E+06  0.428728E+04  0.249745E+06  0.428720E+04  0.149255E+04  0.179281E+04  0.164242E+05 -0.183634E-01
 0.256492E+03  0.760906E+05  0.367899E+04  0.948739E+05  0.174559E+05  0.134025E+04  0.137226E+04  0.140368E+04  0.384952E-01
 0.233162E+03  0.528540E+05  0.310596E+04  0.546521E+05  0.453664E+04  0.126992E+04  0.127856E+04  0.114525E+04  0.128664E-01
 0.216668E+03  0.393709E+05  0.257529E+04  0.392743E+05  0.259599E+04  0.120750E+04  0.121933E+04  0.103108E+04  0.412437E-02
 0.199629E+03  0.282018E+05  0.209309E+04  0.280310E+05  0.200488E+04  0.113086E+04  0.114668E+04  0.963272E+03  0.333749E-02
 0.181888E+03  0.193496E+05  0.166401E+04  0.192076E+05  0.158927E+04  0.103756E+04  0.105695E+04  0.883271E+03  0.476425E-02
 0.164026E+03  0.127321E+05  0.129095E+04  0.126155E+05  0.122998E+04  0.930387E+03  0.953285E+03  0.791151E+03  0.736358E-02
 0.146479E+03  0.804075E+04  0.974794E+03  0.794971E+04  0.925526E+03  0.814169E+03  0.840636E+03  0.695124E+03  0.114065E-01
 0.129584E+03  0.487706E+04  0.714363E+03  0.480934E+04  0.675832E+03  0.695154E+03  0.725177E+03  0.601797E+03  0.175481E-01
 0.113611E+03  0.284353E+04  0.506456E+03  0.279496E+04  0.477331E+03  0.579964E+03  0.613474E+03  0.515772E+03  0.266808E-01
 0.987787E+02  0.159505E+04  0.346137E+03  0.156149E+04  0.324897E+03  0.474359E+03  0.511351E+03  0.439726E+03  0.399100E-01
 0.852308E+02  0.860927E+03  0.227165E+03  0.838666E+03  0.212438E+03  0.382144E+03  0.422828E+03  0.374663E+03  0.586220E-01
 0.729759E+02  0.446416E+03  0.142543E+03  0.432219E+03  0.132832E+03  0.304158E+03  0.349104E+03  0.319980E+03  0.845630E-01
 0.620800E+02  0.222082E+03  0.851112E+02  0.213631E+03  0.790149E+02  0.239565E+03  0.289409E+03  0.274027E+03  0.118943E+00
 0.524879E+02  0.105687E+03  0.481020E+02  0.101048E+03  0.445501E+02  0.185790E+03  0.240902E+03  0.235211E+03  0.162965E+00
 0.441088E+02  0.479827E+02  0.255820E+02  0.456424E+02  0.236825E+02  0.140814E+03  0.200665E+03  0.202018E+03  0.216400E+00
 0.371763E+02  0.215946E+02  0.131701E+02  0.204781E+02  0.122068E+02  0.105598E+03  0.168695E+03  0.174604E+03  0.274436E+00
 0.316423E+02  0.998846E+01  0.678020E+01  0.945411E+01  0.629466E+01  0.797255E+02  0.144719E+03  0.152939E+03  0.331287E+00
 0.271637E+02  0.471939E+01  0.349057E+01  0.445878E+01  0.324443E+01  0.608879E+02  0.126973E+03  0.135834E+03  0.384936E+00
 0.234634E+02  0.225624E+01  0.179701E+01  0.212859E+01  0.167154E+01  0.470210E+02  0.114073E+03  0.122358E+03  0.436766E+00
 0.203785E+02  0.108825E+01  0.925133E+00  0.102562E+01  0.860568E+00  0.367028E+02  0.105168E+03  0.112139E+03  0.487222E+00
 0.178252E+02  0.532772E+00  0.476276E+00  0.501275E+00  0.442750E+00  0.290062E+02  0.994111E+02  0.104953E+03  0.531846E+00
 0.156839E+02  0.264165E+00  0.245196E+00  0.248110E+00  0.227763E+00  0.231178E+02  0.957682E+02  0.999568E+02  0.568679E+00
 0.138595E+02  0.131906E+00  0.126231E+00  0.123727E+00  0.117182E+00  0.185013E+02  0.935942E+02  0.964275E+02  0.599436E+00
 0.122717E+02  0.669178E-01  0.649861E-01  0.639034E-01  0.620588E-01  0.147982E+02  0.907103E+02  0.921815E+02  0.615180E+00

